0,1
1,1
2,1
3,1
4,0
5,1
6,1
7,2
8,1
9,0
10,1
11,1
12,1
13,1
14,1
15,1
16,1
17,1
18,1
19,1
20,0
21,1
22,1
23,0
24,0
25,1
26,3
27,1
28,1
29,1
30,1
31,1
32,1
33,0
34,1
35,2
36,1
37,1
38,0
39,1
40,1
41,2
42,1
43,2
44,1
45,1
46,1
47,1
48,1
49,0
50,3
51,1
52,1
53,1
54,1
55,2
56,2
57,1
58,0
59,1
60,1
61,3
62,1
63,1
64,0
65,1
66,1
67,2
68,1
69,1
70,3
71,1
72,1
73,1
74,2
75,1
76,1
77,1
78,2
79,3
80,1
81,1
82,1
83,1
84,1
85,1
86,1
87,2
88,1
89,1
90,2
91,0
92,1
93,0
94,1
95,1
96,3
97,1
98,1
99,0
100,1
101,3
102,1
103,0
104,1
105,1
106,0
107,2
108,1
109,1
110,0
111,1
112,1
113,1
114,0
115,0
116,1
117,3
118,2
119,2
120,1
121,1
122,2
123,1
124,1
125,2
126,1
127,1
128,1
129,0
130,1
131,2
132,1
133,1
134,2
135,1
136,3
137,2
138,1
139,1
140,1
141,1
142,1
143,2
144,0
145,2
146,0
147,2
148,1
149,1
150,1
151,1
152,1
153,1
154,1
155,0
156,2
157,1
158,1
159,1
160,1
161,1
162,1
163,1
164,1
165,1
166,1
167,1
168,1
169,1
170,1
171,1
172,1
173,3
174,2
175,1
176,1
177,0
178,3
179,2
180,2
181,2
182,1
183,1
184,1
185,0
186,2
187,0
188,1
189,1
190,1
191,1
192,1
193,0
194,3
195,1
196,0
197,1
198,2
199,1
200,0
201,1
202,1
203,0
204,0
205,0
206,2
207,1
208,1
209,1
210,1
211,1
212,1
213,1
214,1
215,2
216,1
217,1
218,1
219,1
220,3
221,1
222,1
223,1
224,0
225,2
226,1
227,1
228,1
229,1
230,2
231,1
232,1
233,1
234,1
235,2
236,1
237,1
238,2
239,2
240,1
241,1
242,1
243,3
244,1
245,1
246,1
247,1
248,1
249,1
250,1
251,0
252,1
253,0
254,3
255,2
256,1
257,1
258,1
259,2
260,2
261,1
262,1
263,2
264,1
265,1
266,1
267,1
268,1
269,3
270,2
271,1
272,1
273,2
274,0
275,3
276,2
277,1
278,2
279,1
280,1
281,1
282,0
283,1
284,1
285,1
286,3
287,3
288,1
289,1
290,2
291,1
292,1
293,3
294,3
295,2
296,1
297,1
298,1
299,3
300,0
301,1
302,1
303,3
304,2
305,1
306,1
307,3
308,1
309,1
310,1
311,0
312,2
313,1
314,1
315,2
316,1
317,1
318,1
319,2
320,3
321,1
322,3
323,3
324,2
325,2
326,3
327,2
328,1
329,2
330,2
331,2
332,3
333,3
334,2
335,1
336,1
337,1
338,1
339,3
340,1
341,1
342,0
343,1
344,3
345,1
346,1
347,0
348,2
349,2
350,1
351,1
352,3
353,2
354,1
355,2
356,1
357,3
358,0
359,1
360,3
361,1
362,1
363,3
364,1
365,2
366,3
367,1
368,1
369,3
370,2
371,3
372,1
373,0
374,0
375,1
376,1
377,1
378,1
379,0
380,2
381,2
382,1
383,1
384,3
385,0
386,3
387,1
388,3
389,1
390,3
391,2
392,1
393,1
394,0
395,1
396,2
397,2
398,3
399,1
400,2
401,1
402,2
403,1
404,2
405,0
406,2
407,0
408,3
409,1
410,1
411,3
412,1
413,2
414,3
415,1
416,2
417,2
418,1
419,1
420,2
421,2
422,1
423,2
424,2
425,1
426,1
427,1
428,3
429,1
430,2
431,1
432,1
433,3
434,2
435,1
436,2
437,2
438,2
439,1
440,1
441,2
442,2
443,2
444,1
445,2
446,0
447,2
448,2
449,1
450,2
451,3
452,2
453,1
454,1
455,1
456,3
457,1
458,2
459,0
460,2
461,2
462,3
463,1
464,1
465,1
466,2
467,0
468,2
469,1
470,3
471,3
472,2
473,2
474,0
475,1
476,1
477,1
478,1
479,3
480,2
481,1
482,1
483,3
484,1
485,1
486,3
487,1
488,0
489,1
490,2
491,3
492,1
493,1
494,2
495,1
496,1
497,0
498,3
499,1
500,1
501,0
502,3
503,3
504,1
505,2
506,3
507,1
508,2
509,1
510,3
511,0
512,2
513,2
514,1
515,2
516,1
517,1
518,2
519,3
520,1
521,1
522,1
523,1
524,2
525,2
526,0
527,1
528,0
529,2
530,2
531,3
532,2
533,1
534,2
535,2
536,3
537,3
538,2
539,3
540,1
541,1
542,1
543,2
544,2
545,2
546,1
547,3
548,1
549,1
550,1
551,1
552,1
553,3
554,2
555,1
556,3
557,1
558,1
559,0
560,3
561,1
562,1
563,2
564,1
565,1
566,2
567,3
568,1
569,2
570,3
571,1
572,3
573,3
574,2
575,3
576,2
577,2
578,2
579,1
580,2
581,0
582,3
583,2
584,1
585,1
586,3
587,0
588,3
589,1
590,2
591,1
592,1
593,1
594,1
595,3
596,3
597,3
598,3
599,3
600,3
601,1
602,1
603,0
604,3
605,2
606,1
607,1
608,1
609,1
610,2
611,3
612,1
613,1
614,1
615,1
616,1
617,0
618,1
619,1
620,0
621,1
622,1
623,1
624,3
625,3
626,2
627,1
628,2
629,3
630,1
631,2
632,3
633,1
634,1
635,2
636,1
637,1
638,2
639,3
640,1
641,1
642,1
643,2
644,2
645,3
646,3
647,1
648,3
649,2
650,3
651,2
652,2
653,1
654,2
655,3
656,1
657,1
658,1
659,2
660,3
661,3
662,2
663,3
664,2
665,2
666,1
667,1
668,1
669,2
670,1
671,1
672,1
673,1
674,1
675,3
676,3
677,3
678,1
679,2
680,3
681,1
682,1
683,3
684,3
685,3
686,1
687,1
688,0
689,3
690,1
691,1
692,2
693,1
694,2
695,2
696,1
697,3
698,2
699,2
700,1
701,2
702,2
703,3
704,1
705,2
706,3
707,1
708,1
709,3
710,2
711,3
712,2
713,1
714,1
715,1
716,2
717,2
718,2
719,1
720,2
721,1
722,3
723,2
724,1
725,3
726,3
727,3
728,1
729,1
730,1
731,1
732,0
733,3
734,1
735,0
736,0
737,1
738,2
739,2
740,2
741,1
742,3
743,2
744,1
745,1
746,3
747,2
748,2
749,1
750,1
751,1
752,2
753,1
754,1
755,1
756,2
757,2
758,1
759,1
760,1
761,1
762,2
763,3
764,3
765,2
766,2
767,1
768,2
769,1
770,2
771,3
772,3
773,0
774,2
775,1
776,1
777,3
778,3
779,2
780,2
781,1
782,1
783,2
784,0
785,3
786,3
787,1
788,1
789,0
790,3
791,0
792,2
793,3
794,2
795,0
796,1
797,1
798,1
799,3
800,1
801,1
802,1
803,2
804,1
805,2
806,2
807,2
808,2
809,1
810,2
811,2
812,2
813,2
814,1
815,1
816,2
817,3
818,2
819,1
820,1
821,1
822,3
823,2
824,1
825,1
826,2
827,2
828,2
829,3
830,1
831,2
832,2
833,1
834,2
835,3
836,2
837,2
838,1
839,2
840,1
841,3
842,3
843,3
844,3
845,1
846,2
847,1
848,1
849,1
850,2
851,1
852,1
853,2
854,1
855,2
856,1
857,3
858,1
859,3
860,2
861,1
862,1
863,3
864,2
865,2
866,2
867,3
868,1
869,1
870,3
871,3
872,1
873,3
874,1
875,2
876,2
877,1
878,3
879,3
880,3
881,0
882,1
883,3
884,1
885,3
886,2
887,2
888,1
889,2
890,3
891,1
892,3
893,3
894,0
895,3
896,3
897,3
898,1
899,3
900,3
901,3
902,3
903,2
904,2
905,2
906,1
907,3
908,2
909,2
910,3
911,1
912,1
913,2
914,2
915,2
916,3
917,2
918,0
919,1
920,2
921,2
922,2
923,2
924,2
925,2
926,0
927,3
928,2
929,1
930,3
931,2
932,1
933,2
934,2
935,2
936,3
937,1
938,1
939,2
940,3
941,2
942,0
943,2
944,2
945,2
946,3
947,1
948,1
949,1
950,1
951,1
952,3
953,2
954,2
955,3
956,1
957,3
958,1
959,3
960,1
961,2
962,0
963,1
964,1
965,3
966,0
967,2
968,2
969,1
970,1
971,1
972,2
973,3
974,1
975,1
976,2
977,3
978,1
979,1
980,3
981,2
982,1
983,3
984,3
985,2
986,2
987,3
988,0
989,1
990,3
991,2
992,1
993,1
994,1
995,1
996,1
997,3
998,1
999,2
1000,1
1001,3
1002,1
1003,1
1004,0
1005,1
1006,3
1007,2
1008,3
1009,3
1010,2
1011,3
1012,3
1013,1
1014,1
1015,3
1016,1
1017,3
1018,2
1019,2
1020,2
1021,2
1022,1
1023,1
1024,1
1025,3
1026,1
1027,2
1028,3
1029,1
1030,3
1031,1
1032,3
1033,3
1034,0
1035,1
1036,3
1037,2
1038,3
1039,2
1040,2
1041,3
1042,3
1043,1
1044,3
1045,2
1046,3
1047,1
1048,0
1049,2
1050,1
1051,3
1052,2
1053,3
1054,2
1055,2
1056,3
1057,1
1058,1
1059,1
1060,2
1061,3
1062,3
1063,2
1064,1
1065,2
1066,1
1067,1
1068,2
1069,3
1070,3
1071,2
1072,1
1073,2
1074,3
1075,3
1076,2
1077,2
1078,2
1079,1
1080,3
1081,3
1082,1
1083,2
1084,2
1085,2
1086,0
1087,1
1088,2
1089,2
1090,2
1091,2
1092,2
1093,1
1094,2
1095,2
1096,1
1097,3
1098,3
1099,1
1100,1
1101,2
1102,1
1103,3
1104,3
1105,1
1106,1
1107,1
1108,2
1109,2
1110,3
1111,2
1112,1
1113,3
1114,3
1115,0
1116,1
1117,1
1118,3
1119,1
1120,2
1121,3
1122,3
1123,1
1124,1
1125,1
1126,3
1127,1
1128,1
1129,3
1130,1
1131,3
1132,0
1133,3
1134,1
1135,3
1136,3
1137,2
1138,1
1139,2
1140,3
1141,3
1142,1
1143,1
1144,2
1145,2
1146,2
1147,2
1148,1
1149,3
1150,1
1151,3
1152,2
1153,3
1154,2
1155,1
1156,0
1157,1
1158,2
1159,3
1160,1
1161,1
1162,2
1163,1
1164,2
1165,1
1166,3
1167,2
1168,1
1169,1
1170,3
1171,1
1172,2
1173,1
1174,3
1175,2
1176,0
1177,2
1178,1
1179,3
1180,1
1181,3
1182,2
1183,1
1184,2
1185,0
1186,3
1187,2
1188,2
1189,0
1190,2
1191,2
1192,0
1193,3
1194,3
1195,3
1196,2
1197,3
1198,2
1199,1
1200,1
1201,3
1202,0
1203,3
1204,2
1205,2
1206,3
1207,2
1208,2
1209,2
1210,2
1211,0
1212,3
1213,1
1214,2
1215,2
1216,1
1217,1
1218,1
1219,3
1220,1
1221,3
1222,2
1223,2
1224,1
1225,1
1226,1
1227,2
1228,0
1229,3
1230,0
1231,2
1232,2
1233,3
1234,3
1235,0
1236,3
1237,3
1238,1
1239,2
1240,3
1241,2
1242,2
1243,2
1244,0
1245,0
1246,3
1247,2
1248,2
1249,0
1250,2
1251,3
1252,2
1253,2
1254,2
1255,2
1256,1
1257,3
1258,2
1259,3
1260,1
1261,3
1262,3
1263,2
1264,0
1265,1
1266,3
1267,3
1268,0
1269,3
1270,2
1271,1
1272,2
1273,3
1274,3
1275,1
1276,3
1277,3
1278,3
1279,1
1280,1
1281,3
1282,1
1283,2
1284,2
1285,2
1286,2
1287,2
1288,2
1289,3
1290,3
1291,0
1292,1
1293,2
1294,2
1295,1
1296,1
1297,1
1298,3
1299,1
1300,2
1301,0
1302,2
1303,2
1304,1
1305,1
1306,3
1307,2
1308,2
1309,2
1310,1
1311,3
1312,1
1313,2
1314,2
1315,1
1316,1
1317,3
1318,2
1319,2
1320,1
1321,3
1322,1
1323,2
1324,1
1325,2
1326,2
1327,2
1328,1
1329,1
1330,1
1331,3
1332,2
1333,0
1334,3
1335,3
1336,2
1337,1
1338,3
1339,2
1340,0
1341,3
1342,3
1343,3
1344,3
1345,0
1346,1
1347,0
1348,1
1349,0
1350,3
1351,2
1352,3
1353,1
1354,3
1355,3
1356,2
1357,2
1358,2
1359,1
1360,3
1361,1
1362,2
1363,3
1364,3
1365,3
1366,1
1367,2
1368,1
1369,1
1370,1
1371,2
1372,3
1373,1
1374,1
1375,2
1376,3
1377,3
1378,3
1379,3
1380,2
1381,2
1382,2
1383,2
1384,1
1385,1
1386,1
1387,3
1388,1
1389,3
1390,1
1391,1
1392,2
1393,3
1394,2
1395,0
1396,2
1397,0
1398,3
1399,2
1400,2
1401,3
1402,3
1403,2
1404,2
1405,1
1406,0
1407,0
1408,1
1409,3
1410,1
1411,3
1412,2
1413,2
1414,2
1415,3
1416,2
1417,2
1418,1
1419,2
1420,2
1421,2
1422,3
1423,1
1424,0
1425,2
1426,1
1427,1
1428,2
1429,2
1430,3
1431,2
1432,2
1433,1
1434,3
1435,3
1436,0
1437,3
1438,3
1439,0
1440,3
1441,1
1442,3
1443,2
1444,1
1445,2
1446,1
1447,3
1448,1
1449,2
1450,3
1451,3
1452,2
1453,3
1454,1
1455,2
1456,2
1457,1
1458,3
1459,2
1460,1
1461,1
1462,3
1463,1
1464,2
1465,2
1466,1
1467,1
1468,3
1469,1
1470,2
1471,3
1472,1
1473,3
1474,1
1475,3
1476,1
1477,1
1478,1
1479,1
1480,1
1481,3
1482,1
1483,2
1484,3
1485,3
1486,3
1487,1
1488,3
1489,3
1490,3
1491,3
1492,3
1493,1
1494,3
1495,1
1496,2
1497,3
1498,3
1499,1
1500,1
1501,0
1502,3
1503,3
1504,3
1505,2
1506,3
1507,3
1508,3
1509,1
1510,1
1511,2
1512,1
1513,3
1514,1
1515,0
1516,1
1517,3
1518,1
1519,2
1520,1
1521,1
1522,3
1523,2
1524,2
1525,3
1526,2
1527,2
1528,2
1529,2
1530,2
1531,0
1532,3
1533,1
1534,2
1535,1
1536,0
1537,3
1538,0
1539,1
1540,1
1541,3
1542,3
1543,1
1544,1
1545,2
1546,3
1547,1
1548,1
1549,2
1550,2
1551,2
1552,3
1553,3
1554,1
1555,3
1556,2
1557,3
1558,1
1559,3
1560,3
1561,1
1562,2
1563,3
1564,2
1565,3
1566,2
1567,2
1568,2
1569,2
1570,2
1571,2
1572,1
1573,3
1574,3
1575,3
1576,1
1577,3
1578,2
1579,2
1580,2
1581,2
1582,2
1583,3
1584,1
1585,2
1586,3
1587,3
1588,2
1589,3
1590,2
1591,2
1592,2
1593,3
1594,3
1595,3
1596,2
1597,2
1598,1
1599,2
1600,2
1601,2
1602,2
1603,3
1604,1
1605,2
1606,3
1607,2
1608,2
1609,2
1610,2
1611,2
1612,3
1613,3
1614,1
1615,2
1616,2
1617,1
1618,2
1619,3
1620,2
1621,3
1622,2
1623,1
1624,2
1625,3
1626,3
1627,1
1628,3
1629,0
1630,3
1631,2
1632,3
1633,3
1634,2
1635,0
1636,0
1637,2
1638,1
1639,1
1640,2
1641,1
1642,3
1643,1
1644,2
1645,3
1646,3
1647,2
1648,3
1649,2
1650,1
1651,3
1652,2
1653,2
1654,2
1655,2
1656,3
1657,3
1658,1
1659,2
1660,0
1661,3
1662,2
1663,2
1664,2
1665,3
1666,1
1667,1
1668,1
1669,1
1670,1
1671,2
1672,3
1673,3
1674,2
1675,3
1676,1
1677,3
1678,0
1679,2
1680,3
1681,2
1682,3
1683,1
1684,3
1685,1
1686,1
1687,3
1688,2
1689,2
1690,3
1691,0
1692,2
1693,3
1694,0
1695,1
1696,3
1697,3
1698,1
1699,3
1700,1
1701,1
1702,3
1703,1
1704,1
1705,3
1706,1
1707,2
1708,1
1709,1
1710,2
1711,3
1712,3
1713,3
1714,0
1715,3
1716,2
1717,2
1718,3
1719,3
1720,2
1721,2
1722,3
1723,2
1724,2
1725,2
1726,3
1727,2
1728,2
1729,3
1730,2
1731,3
1732,1
1733,2
1734,3
1735,2
1736,1
1737,1
1738,2
1739,2
1740,2
1741,3
1742,1
1743,2
1744,0
1745,2
1746,0
1747,2
1748,1
1749,2
1750,1
1751,2
1752,3
1753,2
1754,2
1755,1
1756,1
1757,1
1758,2
1759,3
1760,0
1761,0
1762,1
1763,3
1764,3
1765,0
1766,2
1767,2
1768,1
1769,2
1770,1
1771,2
1772,1
1773,3
1774,2
1775,1
1776,3
1777,1
1778,1
1779,2
1780,3
1781,2
1782,3
1783,3
1784,3
1785,3
1786,1
1787,3
1788,3
1789,1
1790,2
1791,2
1792,2
1793,1
1794,3
1795,3
1796,3
1797,3
1798,1
1799,3
1800,2
1801,0
1802,1
1803,0
1804,3
1805,2
1806,1
1807,3
1808,1
1809,2
1810,0
1811,2
1812,3
1813,3
1814,1
1815,2
1816,2
1817,2
1818,3
1819,1
1820,1
1821,2
1822,3
1823,3
1824,2
1825,3
1826,0
1827,0
1828,2
1829,1
1830,2
1831,2
1832,1
1833,1
1834,3
1835,1
1836,2
1837,3
1838,0
1839,2
1840,1
1841,3
1842,0
1843,2
1844,2
1845,0
1846,1
1847,3
1848,3
1849,2
1850,3
1851,3
1852,3
1853,1
1854,3
1855,1
1856,3
1857,3
1858,3
1859,2
1860,0
1861,1
1862,3
1863,1
1864,1
1865,1
1866,3
1867,3
1868,1
1869,2
1870,3
1871,2
1872,2
1873,2
1874,1
1875,1
1876,0
1877,0
1878,3
1879,3
1880,3
1881,2
1882,1
1883,3
1884,2
1885,3
1886,1
1887,2
1888,3
1889,1
1890,3
1891,1
1892,1
1893,3
1894,2
1895,2
1896,1
1897,2
1898,1
1899,2
1900,2
1901,3
1902,3
1903,2
1904,0
1905,2
1906,1
1907,3
1908,2
1909,2
1910,1
1911,3
1912,3
1913,3
1914,2
1915,1
1916,2
1917,2
1918,1
1919,3
1920,2
1921,2
1922,3
1923,3
1924,2
1925,2
1926,2
1927,3
1928,2
1929,2
1930,3
1931,1
1932,0
1933,1
1934,2
1935,2
1936,1
1937,2
1938,3
1939,0
1940,3
1941,3
1942,0
1943,2
1944,0
1945,2
1946,1
1947,2
1948,3
1949,2
1950,0
1951,3
1952,3
1953,1
1954,1
1955,3
1956,3
1957,3
1958,1
1959,2
1960,3
1961,3
1962,3
1963,3
1964,3
1965,3
1966,0
1967,2
1968,1
1969,2
1970,1
1971,3
1972,0
1973,1
1974,2
1975,3
1976,1
1977,2
1978,3
1979,1
1980,2
1981,3
1982,0
1983,3
1984,3
1985,3
1986,3
1987,0
1988,2
1989,2
1990,2
1991,2
1992,3
1993,1
1994,1
1995,1
1996,1
1997,3
1998,3
1999,2
2000,3
2001,0
2002,1
2003,2
2004,2
2005,3
2006,2
2007,2
2008,0
2009,2
2010,2
2011,2
2012,2
2013,1
2014,3
2015,2
2016,2
2017,0
2018,2
2019,2
2020,2
2021,2
2022,3
2023,2
2024,1
2025,3
2026,1
2027,0
2028,2
2029,2
2030,1
2031,1
2032,2
2033,0
2034,3
2035,0
2036,2
2037,3
2038,0
2039,0
2040,2
2041,2
2042,1
2043,0
2044,3
2045,2
2046,3
2047,1
2048,3
2049,3
2050,3
2051,2
2052,1
2053,3
2054,1
2055,0
2056,2
2057,3
2058,3
2059,2
2060,2
2061,3
2062,2
2063,3
2064,2
2065,3
2066,2
2067,1
2068,3
2069,3
2070,1
2071,3
2072,2
2073,3
2074,2
2075,2
2076,0
2077,2
2078,2
2079,3
2080,2
2081,3
2082,2
2083,2
2084,1
2085,2
2086,2
2087,1
2088,1
2089,2
2090,2
2091,1
2092,3
2093,3
2094,3
2095,1
2096,2
2097,3
2098,3
2099,3
2100,2
2101,3
2102,3
2103,2
2104,3
2105,0
2106,2
2107,1
2108,2
2109,2
2110,1
2111,3
2112,2
2113,3
2114,3
2115,1
2116,1
2117,0
2118,0
2119,2
2120,2
2121,3
2122,3
2123,2
2124,3
2125,2
2126,0
2127,1
2128,2
2129,3
2130,3
2131,1
2132,2
2133,3
2134,2
2135,1
2136,0
2137,2
2138,0
2139,2
2140,2
2141,2
2142,1
2143,2
2144,2
2145,2
2146,3
2147,3
2148,2
2149,2
2150,0
2151,3
2152,2
2153,1
2154,2
2155,2
2156,0
2157,3
2158,0
2159,3
2160,3
2161,2
2162,0
2163,0
2164,2
2165,2
2166,3
2167,3
2168,0
2169,2
2170,2
2171,2
2172,1
2173,3
2174,3
2175,2
2176,3
2177,2
2178,3
2179,1
2180,0
2181,3
2182,2
2183,2
2184,3
2185,1
2186,0
2187,2
2188,3
2189,0
2190,3
2191,2
2192,0
2193,3
2194,3
2195,3
2196,2
2197,1
2198,1
2199,2
2200,1
2201,2
2202,2
2203,0
2204,1
2205,2
2206,1
2207,2
2208,2
2209,2
2210,0
2211,3
2212,1
2213,1
2214,0
2215,2
2216,3
2217,2
2218,2
2219,2
2220,2
2221,3
2222,3
2223,2
2224,3
2225,0
2226,0
2227,2
2228,1
2229,2
2230,2
2231,3
2232,3
2233,1
2234,2
2235,2
2236,0
2237,3
2238,3
2239,2
2240,1
2241,1
2242,2
2243,1
2244,2
2245,1
2246,2
2247,3
2248,3
2249,2
2250,1
2251,2
2252,1
2253,3
2254,1
2255,2
2256,2
2257,1
2258,2
2259,2
2260,2
2261,2
2262,2
2263,1
2264,3
2265,2
2266,1
2267,1
2268,2
2269,2
2270,2
2271,2
2272,3
2273,3
2274,2
2275,1
2276,3
2277,2
2278,2
2279,3
2280,3
2281,3
2282,3
2283,0
2284,2
2285,3
2286,1
2287,3
2288,3
2289,3
2290,1
2291,2
2292,2
2293,0
2294,2
2295,2
2296,3
2297,3
2298,2
2299,1
2300,3
2301,3
2302,0
2303,3
2304,1
2305,3
2306,3
2307,1
2308,2
2309,2
2310,1
2311,3
2312,3
2313,2
2314,3
2315,0
2316,1
2317,3
2318,2
2319,3
2320,0
2321,1
2322,1
2323,3
2324,3
2325,1
2326,3
2327,2
2328,3
2329,2
2330,0
2331,0
2332,3
2333,2
2334,0
2335,2
2336,1
2337,2
2338,2
2339,3
2340,2
2341,2
2342,0
2343,0
2344,1
2345,1
2346,3
2347,2
2348,2
2349,3
2350,2
2351,3
2352,0
2353,3
2354,3
2355,3
2356,2
2357,0
2358,1
2359,2
2360,2
2361,2
2362,1
2363,2
2364,2
2365,2
2366,1
2367,3
2368,2
2369,1
2370,2
2371,2
2372,2
2373,2
2374,2
2375,2
2376,1
2377,3
2378,0
2379,2
2380,2
2381,3
2382,2
2383,2
2384,2
2385,3
2386,3
2387,3
2388,1
2389,0
2390,3
2391,2
2392,2
2393,1
2394,3
2395,3
2396,0
2397,2
2398,3
2399,2
2400,3
2401,2
2402,2
2403,3
2404,3
2405,2
2406,1
2407,3
2408,0
2409,1
2410,3
2411,2
2412,2
2413,2
2414,3
2415,1
2416,3
2417,2
2418,3
2419,3
2420,1
2421,1
2422,3
2423,3
2424,3
2425,2
2426,3
2427,3
2428,3
2429,0
2430,1
2431,3
2432,0
2433,3
2434,3
2435,0
2436,1
2437,0
2438,1
2439,1
2440,1
2441,3
2442,2
2443,2
2444,1
2445,3
2446,1
2447,3
2448,1
2449,3
2450,1
2451,3
2452,0
2453,1
2454,3
2455,0
2456,2
2457,2
2458,2
2459,0
2460,2
2461,2
2462,1
2463,0
2464,2
2465,2
2466,3
2467,0
2468,2
2469,3
2470,2
2471,2
2472,2
2473,2
2474,3
2475,0
2476,2
2477,2
2478,3
2479,1
2480,0
2481,2
2482,2
2483,1
2484,3
2485,1
2486,3
2487,3
2488,3
2489,0
2490,3
2491,3
2492,2
2493,0
2494,0
2495,0
2496,2
2497,3
2498,3
2499,3
2500,3
2501,2
2502,3
2503,2
2504,2
2505,2
2506,3
2507,2
2508,2
2509,2
2510,3
2511,2
2512,0
2513,3
2514,2
2515,3
2516,3
2517,1
2518,3
2519,3
2520,2
2521,1
2522,1
2523,2
2524,3
2525,1
2526,2
2527,3
2528,2
2529,2
2530,2
2531,3
2532,2
2533,2
2534,3
2535,0
2536,2
2537,1
2538,2
2539,2
2540,2
2541,1
2542,3
2543,1
2544,3
2545,3
2546,3
2547,2
2548,2
2549,3
2550,3
2551,2
2552,3
2553,3
2554,3
2555,2
2556,2
2557,3
2558,3
2559,3
2560,1
2561,2
2562,1
2563,2
2564,2
2565,2
2566,1
2567,1
2568,3
2569,3
2570,2
2571,3
2572,3
2573,3
2574,1
2575,3
2576,2
2577,3
2578,2
2579,0
2580,2
2581,2
2582,3
2583,2
2584,2
2585,3
2586,3
2587,0
2588,2
2589,3
2590,2
2591,2
2592,1
2593,2
2594,0
2595,3
2596,3
2597,2
2598,3
2599,1
2600,3
2601,2
2602,2
2603,3
2604,0
2605,3
2606,0
2607,2
2608,2
2609,0
2610,3
2611,3
2612,2
2613,2
2614,3
2615,3
2616,2
2617,3
2618,1
2619,2
2620,0
2621,3
2622,3
2623,2
2624,3
2625,3
2626,1
2627,3
2628,0
2629,0
2630,3
2631,1
2632,1
2633,3
2634,0
2635,3
2636,1
2637,3
2638,3
2639,1
2640,0
2641,3
2642,2
2643,2
2644,0
2645,1
2646,3
2647,3
2648,3
2649,3
2650,0
2651,2
2652,3
2653,2
2654,0
2655,1
2656,2
2657,3
2658,3
2659,0
2660,3
2661,2
2662,3
2663,3
2664,3
2665,2
2666,2
2667,2
2668,0
2669,2
2670,2
2671,2
2672,2
2673,2
2674,3
2675,2
2676,3
2677,3
2678,3
2679,2
2680,2
2681,3
2682,3
2683,2
2684,3
2685,3
2686,3
2687,3
2688,2
2689,3
2690,3
2691,3
2692,3
2693,1
2694,3
2695,1
2696,2
2697,3
2698,1
2699,1
2700,1
2701,0
2702,3
2703,3
2704,1
2705,2
2706,3
2707,0
2708,1
2709,1
2710,0
2711,1
2712,3
2713,2
2714,2
2715,3
2716,3
2717,3
2718,3
2719,3
2720,3
2721,3
2722,2
2723,2
2724,1
2725,1
2726,3
2727,2
2728,0
2729,3
2730,1
2731,0
2732,0
2733,2
2734,3
2735,2
2736,3
2737,2
2738,3
2739,1
2740,2
2741,0
2742,0
2743,2
2744,0
2745,2
2746,2
2747,2
2748,0
2749,3
2750,2
2751,2
2752,1
2753,3
2754,2
2755,2
2756,3
2757,3
2758,3
2759,3
2760,3
2761,3
2762,3
2763,2
2764,1
2765,3
2766,3
2767,3
2768,1
2769,2
2770,3
2771,2
2772,2
2773,3
2774,2
2775,3
2776,2
2777,3
2778,3
2779,2
2780,3
2781,1
2782,3
2783,3
2784,3
2785,2
2786,2
2787,0
2788,3
2789,3
2790,3
2791,0
2792,3
2793,2
2794,1
2795,2
2796,2
2797,2
2798,2
2799,1
2800,3
2801,0
2802,2
2803,2
2804,2
2805,1
2806,2
2807,0
2808,0
2809,0
2810,3
2811,2
2812,2
2813,0
2814,3
2815,3
2816,3
2817,2
2818,3
2819,2
2820,2
2821,2
2822,1
2823,3
2824,3
2825,2
2826,2
2827,2
2828,2
2829,3
2830,2
2831,3
2832,3
2833,2
2834,2
2835,3
2836,1
2837,3
2838,3
2839,0
2840,1
2841,3
2842,0
2843,1
2844,1
2845,2
2846,3
2847,3
2848,3
2849,1
2850,3
2851,3
2852,3
2853,0
2854,0
2855,3
2856,2
2857,3
2858,3
2859,3
2860,3
2861,2
2862,1
2863,2
2864,0
2865,1
2866,2
2867,0
2868,3
2869,2
2870,2
2871,1
2872,2
2873,2
2874,1
2875,2
2876,0
2877,3
2878,1
2879,3
2880,2
2881,0
2882,2
2883,3
2884,3
2885,2
2886,2
2887,2
2888,3
2889,3
2890,0
2891,0
2892,2
2893,2
2894,2
2895,3
2896,0
2897,3
2898,3
2899,2
2900,0
2901,0
2902,1
2903,3
2904,2
2905,3
2906,2
2907,3
2908,2
2909,2
2910,1
2911,2
2912,2
2913,1
2914,2
2915,2
2916,2
2917,3
2918,3
2919,3
2920,3
2921,2
2922,3
2923,1
2924,3
2925,0
2926,3
2927,2
2928,1
2929,2
2930,2
2931,2
2932,2
2933,2
2934,0
2935,3
2936,3
2937,0
2938,0
2939,2
2940,3
2941,2
2942,3
2943,3
2944,3
2945,3
2946,3
2947,3
2948,2
2949,2
2950,3
2951,2
2952,3
2953,3
2954,2
2955,2
2956,0
2957,3
2958,1
2959,1
2960,1
2961,0
2962,3
2963,3
2964,2
2965,0
2966,0
2967,3
2968,3
2969,3
2970,2
2971,1
2972,2
2973,3
2974,3
2975,2
2976,3
2977,1
2978,2
2979,3
2980,1
2981,2
2982,2
2983,0
2984,3
2985,3
2986,3
2987,0
2988,2
2989,3
2990,2
2991,3
2992,3
2993,0
2994,3
2995,3
2996,2
2997,2
2998,2
2999,2
3000,3
3001,3
3002,3
3003,2
3004,2
3005,3
3006,3
3007,3
3008,2
3009,2
3010,3
3011,3
3012,3
3013,3
3014,2
3015,3
3016,3
3017,0
3018,3
3019,2
3020,3
3021,3
3022,2
3023,0
3024,0
3025,0
3026,0
3027,2
3028,3
3029,2
3030,2
3031,2
3032,3
3033,3
3034,2
3035,3
3036,3
3037,0
3038,1
3039,2
3040,1
3041,2
3042,0
3043,3
3044,2
3045,3
3046,1
3047,2
3048,0
3049,2
3050,0
3051,2
3052,3
3053,2
3054,2
3055,1
3056,1
3057,0
3058,0
3059,2
3060,0
3061,1
3062,0
3063,2
3064,2
3065,2
3066,0
3067,1
3068,1
3069,3
3070,2
3071,2
3072,3
3073,0
3074,0
3075,0
3076,3
3077,0
3078,0
3079,2
3080,3
3081,1
3082,2
3083,2
3084,1
3085,2
3086,3
3087,2
3088,3
3089,1
3090,2
3091,0
3092,0
3093,1
3094,3
3095,2
3096,0
3097,2
3098,2
3099,3
3100,2
3101,3
3102,0
3103,3
3104,2
3105,2
3106,2
3107,3
3108,2
3109,2
3110,0
3111,1
3112,3
3113,2
3114,2
3115,2
3116,2
3117,2
3118,3
3119,1
3120,2
3121,3
3122,3
3123,1
3124,2
3125,2
3126,2
3127,3
3128,2
3129,3
3130,2
3131,2
3132,3
3133,3
3134,1
3135,3
3136,3
3137,3
3138,1
3139,3
3140,2
3141,2
3142,0
3143,0
3144,2
3145,3
3146,3
3147,2
3148,3
3149,3
3150,1
3151,2
3152,3
3153,2
3154,3
3155,2
3156,3
3157,3
3158,2
3159,1
3160,1
3161,3
3162,2
3163,3
3164,3
3165,3
3166,2
3167,1
3168,2
3169,2
3170,3
3171,3
3172,2
3173,3
3174,3
3175,2
3176,2
3177,2
3178,2
3179,2
3180,3
3181,3
3182,2
3183,2
3184,0
3185,0
3186,2
3187,3
3188,3
3189,3
3190,0
3191,3
3192,2
3193,2
3194,1
3195,3
3196,2
3197,1
3198,0
3199,1
3200,2
3201,3
3202,2
3203,1
3204,1
3205,1
3206,3
3207,0
3208,1
3209,1
3210,2
3211,0
3212,2
3213,3
3214,1
3215,1
3216,3
3217,2
3218,3
3219,0
3220,0
3221,3
3222,3
3223,1
3224,2
3225,2
3226,1
3227,2
3228,0
3229,3
3230,1
3231,2
3232,2
3233,3
3234,3
3235,2
3236,0
3237,2
3238,1
3239,2
3240,2
3241,1
3242,2
3243,2
3244,3
3245,3
3246,1
3247,3
3248,2
3249,2
3250,3
3251,0
3252,0
3253,1
3254,0
3255,2
3256,3
3257,3
3258,3
3259,3
3260,2
3261,3
3262,3
3263,3
3264,2
3265,1
3266,0
3267,3
3268,3
3269,0
3270,1
3271,1
3272,2
3273,3
3274,3
3275,2
3276,2
3277,0
3278,2
3279,3
3280,2
3281,3
3282,3
3283,1
3284,3
3285,3
3286,1
3287,3
3288,2
3289,3
3290,2
3291,3
3292,0
3293,1
3294,3
3295,2
3296,3
3297,2
3298,3
3299,2
3300,2
3301,3
3302,3
3303,3
3304,3
3305,2
3306,2
3307,2
3308,0
3309,2
3310,2
3311,0
3312,2
3313,1
3314,1
3315,0
3316,2
3317,3
3318,2
3319,2
3320,3
3321,3
3322,1
3323,1
3324,3
3325,2
3326,2
3327,2
3328,3
3329,2
3330,2
3331,2
3332,2
3333,3
3334,3
3335,2
3336,2
3337,2
3338,1
3339,2
3340,2
3341,2
3342,3
3343,3
3344,3
3345,0
3346,3
3347,3
3348,3
3349,3
3350,2
3351,3
3352,2
3353,2
3354,1
3355,0
3356,3
3357,3
3358,2
3359,3
3360,1
3361,1
3362,3
3363,1
3364,1
3365,2
3366,3
3367,3
3368,1
3369,1
3370,1
3371,2
3372,2
3373,1
3374,3
3375,2
3376,0
3377,3
3378,3
3379,2
3380,3
3381,2
3382,2
3383,3
3384,2
3385,2
3386,2
3387,3
3388,2
3389,3
3390,1
3391,2
3392,3
3393,0
3394,3
3395,0
3396,1
3397,1
3398,2
3399,1
3400,1
3401,3
3402,3
3403,2
3404,3
3405,2
3406,0
3407,1
3408,3
3409,2
3410,2
3411,3
3412,3
3413,1
3414,3
3415,1
3416,1
3417,1
3418,0
3419,0
3420,0
3421,2
3422,0
3423,1
3424,2
3425,3
3426,0
3427,0
3428,2
3429,3
3430,1
3431,3
3432,3
3433,3
3434,2
3435,2
3436,3
3437,2
3438,1
3439,1
3440,3
3441,1
3442,3
3443,3
3444,2
3445,3
3446,3
3447,3
3448,3
3449,3
3450,3
3451,2
3452,3
3453,3
3454,2
3455,2
3456,2
3457,2
3458,3
3459,2
3460,3
3461,3
3462,3
3463,2
3464,3
3465,2
3466,3
3467,1
3468,1
3469,2
3470,0
3471,1
3472,0
3473,1
3474,2
3475,2
3476,3
3477,3
3478,3
3479,2
3480,0
3481,3
3482,3
3483,2
3484,1
3485,1
3486,0
3487,2
3488,3
3489,3
3490,2
3491,0
3492,2
3493,2
3494,2
3495,0
3496,0
3497,3
3498,3
3499,3
3500,3
3501,3
3502,3
3503,3
3504,3
3505,1
3506,3
3507,1
3508,3
3509,3
3510,2
3511,3
3512,2
3513,0
3514,3
3515,3
3516,3
3517,2
3518,3
3519,3
3520,2
3521,2
3522,2
3523,3
3524,0
3525,2
3526,3
3527,3
3528,2
3529,1
3530,2
3531,2
3532,1
3533,2
3534,2
3535,3
3536,2
3537,2
3538,3
3539,0
3540,2
3541,0
3542,3
3543,2
3544,3
3545,2
3546,2
3547,2
3548,2
3549,3
3550,2
3551,2
3552,2
3553,2
3554,3
3555,2
3556,1
3557,3
3558,3
3559,2
3560,3
3561,1
3562,2
3563,3
3564,3
3565,1
3566,3
3567,3
3568,3
3569,3
3570,3
3571,2
3572,3
3573,2
3574,0
3575,2
3576,1
3577,3
3578,3
3579,3
3580,1
3581,2
3582,0
3583,2
3584,3
3585,3
3586,2
3587,0
3588,3
3589,1
3590,2
3591,2
3592,2
3593,3
3594,1
3595,1
3596,0
3597,0
3598,2
3599,3
3600,2
3601,3
3602,2
3603,0
3604,2
3605,3
3606,2
3607,3
3608,2
3609,3
3610,3
3611,2
3612,2
3613,3
3614,2
3615,2
3616,3
3617,1
3618,2
3619,2
3620,3
3621,2
3622,2
3623,3
3624,3
3625,1
3626,0
3627,0
3628,3
3629,2
3630,0
3631,0
3632,0
3633,1
3634,2
3635,0
3636,3
3637,2
3638,2
3639,3
3640,3
3641,0
3642,3
3643,3
3644,0
3645,0
3646,0
3647,2
3648,3
3649,2
3650,2
3651,3
3652,2
3653,3
3654,3
3655,2
3656,3
3657,2
3658,0
3659,3
3660,3
3661,3
3662,3
3663,1
3664,0
3665,2
3666,3
3667,0
3668,2
3669,2
3670,3
3671,3
3672,0
3673,0
3674,2
3675,1
3676,0
3677,2
3678,1
3679,1
3680,3
3681,2
3682,3
3683,3
3684,2
3685,1
3686,2
3687,2
3688,3
3689,0
3690,1
3691,2
3692,2
3693,2
3694,0
3695,2
3696,3
3697,2
3698,0
3699,3
3700,3
3701,2
3702,2
3703,3
3704,3
3705,2
3706,2
3707,3
3708,3
3709,3
3710,3
3711,3
3712,0
3713,2
3714,3
3715,2
3716,3
3717,3
3718,0
3719,3
3720,2
3721,3
3722,3
3723,3
3724,2
3725,0
3726,0
3727,0
3728,3
3729,0
3730,3
3731,2
3732,2
3733,2
3734,3
3735,2
3736,2
3737,0
3738,2
3739,3
3740,3
3741,1
3742,1
3743,2
3744,0
3745,2
3746,1
3747,2
3748,2
3749,3
3750,0
3751,0
3752,2
3753,3
3754,0
3755,2
3756,2
3757,2
3758,3
3759,3
3760,3
3761,2
3762,2
3763,3
3764,0
3765,2
3766,2
3767,3
3768,2
3769,3
3770,2
3771,2
3772,3
3773,3
3774,3
3775,3
3776,3
3777,0
3778,3
3779,3
3780,2
3781,3
3782,2
3783,3
3784,2
3785,2
3786,3
3787,3
3788,2
3789,1
3790,1
3791,3
3792,3
3793,3
3794,3
3795,2
3796,2
3797,1
3798,3
3799,1
3800,1
3801,0
3802,1
3803,3
3804,2
3805,0
3806,2
3807,3
3808,2
3809,0
3810,3
3811,2
3812,0
3813,3
3814,3
3815,2
3816,3
3817,3
3818,3
3819,3
3820,2
3821,2
3822,0
3823,3
3824,2
3825,0
3826,3
3827,2
3828,3
3829,3
3830,2
3831,2
3832,2
3833,3
3834,3
3835,0
3836,2
3837,3
3838,2
3839,2
3840,3
3841,2
3842,2
3843,2
3844,0
3845,3
3846,2
3847,2
3848,2
3849,2
3850,1
3851,0
3852,0
3853,0
3854,3
3855,3
3856,3
3857,3
3858,3
3859,3
3860,2
3861,3
3862,2
3863,2
3864,3
3865,3
3866,2
3867,2
3868,3
3869,2
3870,2
3871,3
3872,2
3873,3
3874,3
3875,2
3876,1
3877,2
3878,3
3879,3
3880,3
3881,3
3882,2
3883,0
3884,0
3885,0
3886,2
3887,3
3888,3
3889,3
3890,3
3891,3
3892,0
3893,3
3894,2
3895,2
3896,3
3897,2
3898,2
3899,3
3900,2
3901,2
3902,3
3903,2
3904,2
3905,1
3906,2
3907,3
3908,3
3909,2
3910,2
3911,3
3912,3
3913,1
3914,0
3915,0
3916,2
3917,2
3918,3
3919,3
3920,0
3921,2
3922,1
3923,0
3924,3
3925,2
3926,2
3927,2
3928,1
3929,1
3930,3
3931,1
3932,3
3933,0
3934,1
3935,0
3936,1
3937,1
3938,3
3939,0
3940,2
3941,0
3942,3
3943,3
3944,2
3945,3
3946,3
3947,2
3948,3
3949,3
3950,3
3951,2
3952,3
3953,1
3954,2
3955,3
3956,3
3957,3
3958,3
3959,3
3960,3
3961,2
3962,1
3963,2
3964,1
3965,0
3966,3
3967,3
3968,2
3969,0
3970,2
3971,3
3972,3
3973,0
3974,3
3975,0
3976,0
3977,2
3978,3
3979,1
3980,2
3981,1
3982,0
3983,3
3984,2
3985,2
3986,2
3987,0
3988,0
3989,2
3990,0
3991,2
3992,1
3993,3
3994,3
3995,2
3996,2
3997,1
3998,2
3999,3
4000,2
4001,1
4002,3
4003,2
4004,3
4005,3
4006,2
4007,2
4008,3
4009,2
4010,0
4011,0
4012,2
4013,3
4014,3
4015,2
4016,3
4017,2
4018,3
4019,2
4020,2
4021,2
4022,3
4023,3
4024,1
4025,1
4026,2
4027,3
4028,3
4029,2
4030,0
4031,2
4032,2
4033,3
4034,2
4035,3
4036,2
4037,3
4038,0
4039,2
4040,3
4041,3
4042,0
4043,2
4044,2
4045,3
4046,1
4047,2
4048,2
4049,1
4050,0
4051,2
4052,0
4053,3
4054,0
4055,3
4056,1
4057,2
4058,3
4059,2
4060,1
4061,2
4062,3
4063,0
4064,0
4065,2
4066,1
4067,3
4068,2
4069,0
4070,0
4071,2
4072,0
4073,2
4074,3
4075,0
4076,0
4077,1
4078,2
4079,2
4080,3
4081,2
4082,0
4083,3
4084,3
4085,2
4086,0
4087,0
4088,1
4089,0
4090,2
4091,0
4092,2
4093,0
4094,2
4095,0
4096,1
4097,3
4098,2
4099,3
4100,2
4101,3
4102,1
4103,3
4104,2
4105,3
4106,2
4107,3
4108,2
4109,2
4110,2
4111,0
4112,3
4113,2
4114,0
4115,2
4116,0
4117,3
4118,2
4119,2
4120,2
4121,0
4122,3
4123,3
4124,2
4125,3
4126,3
4127,2
4128,2
4129,3
4130,2
4131,3
4132,3
4133,0
4134,2
4135,0
4136,3
4137,0
4138,0
4139,3
4140,3
4141,0
4142,3
4143,3
4144,2
4145,2
4146,1
4147,3
4148,3
4149,2
4150,3
4151,0
4152,3
4153,2
4154,0
4155,3
4156,1
4157,1
4158,3
4159,2
4160,0
4161,2
4162,3
4163,1
4164,1
4165,3
4166,3
4167,3
4168,3
4169,3
4170,3
4171,2
4172,2
4173,2
4174,3
4175,3
4176,3
4177,3
4178,3
4179,3
4180,3
4181,2
4182,0
4183,3
4184,1
4185,1
4186,3
4187,2
4188,0
4189,2
4190,2
4191,3
4192,0
4193,0
4194,3
4195,2
4196,0
4197,3
4198,0
4199,3
4200,2
4201,2
4202,2
4203,2
4204,2
4205,1
4206,1
4207,2
4208,2
4209,2
4210,3
4211,2
4212,2
4213,3
4214,0
4215,2
4216,3
4217,0
4218,3
4219,3
4220,3
4221,0
4222,0
4223,1
4224,1
4225,3
4226,0
4227,2
4228,3
4229,0
4230,2
4231,0
4232,1
4233,2
4234,3
4235,0
4236,3
4237,2
4238,2
4239,2
4240,2
4241,0
4242,2
4243,2
4244,0
4245,1
4246,2
4247,3
4248,0
4249,3
4250,3
4251,1
4252,3
4253,2
4254,3
4255,3
4256,3
4257,0
4258,3
4259,3
4260,3
4261,3
4262,3
4263,2
4264,3
4265,3
4266,1
4267,3
4268,3
4269,2
4270,2
4271,2
4272,3
4273,0
4274,3
4275,0
4276,2
4277,1
4278,2
4279,3
4280,3
4281,0
4282,0
4283,3
4284,1
4285,3
4286,0
4287,2
4288,3
4289,3
4290,3
4291,2
4292,3
4293,0
4294,3
4295,2
4296,3
4297,2
4298,0
4299,2
4300,3
4301,0
4302,3
4303,3
4304,0
4305,2
4306,1
4307,2
4308,3
4309,2
4310,2
4311,1
4312,0
4313,3
4314,2
4315,0
4316,2
4317,3
4318,0
4319,3
4320,2
4321,3
4322,3
4323,3
4324,1
4325,0
4326,2
4327,3
4328,2
4329,2
4330,3
4331,2
4332,2
4333,2
4334,3
4335,3
4336,0
4337,3
4338,2
4339,3
4340,2
4341,0
4342,3
4343,2
4344,2
4345,0
4346,2
4347,1
4348,3
4349,1
4350,0
4351,3
4352,0
4353,2
4354,3
4355,0
4356,0
4357,0
4358,2
4359,2
4360,0
4361,1
4362,3
4363,2
4364,3
4365,3
4366,2
4367,3
4368,1
4369,1
4370,2
4371,2
4372,2
4373,0
4374,3
4375,0
4376,3
4377,0
4378,3
4379,0
4380,0
4381,3
4382,3
4383,2
4384,3
4385,0
4386,2
4387,1
4388,2
4389,2
4390,3
4391,2
4392,2
4393,3
4394,3
4395,3
4396,2
4397,2
4398,2
4399,0
4400,2
4401,3
4402,2
4403,2
4404,2
4405,1
4406,0
4407,1
4408,2
4409,1
4410,0
4411,0
4412,2
4413,3
4414,3
4415,1
4416,3
4417,2
4418,3
4419,0
4420,1
4421,1
4422,0
4423,3
4424,3
4425,2
4426,3
4427,3
4428,3
4429,2
4430,0
4431,3
4432,0
4433,1
4434,0
4435,0
4436,3
4437,3
4438,1
4439,3
4440,2
4441,0
4442,2
4443,3
4444,0
4445,1
4446,0
4447,0
4448,3
4449,2
4450,0
4451,3
4452,2
4453,2
4454,3
4455,2
4456,3
4457,0
4458,2
4459,2
4460,0
4461,2
4462,2
4463,3
4464,3
4465,3
4466,2
4467,3
4468,2
4469,3
4470,2
4471,3
4472,3
4473,2
4474,3
4475,2
4476,0
4477,0
4478,0
4479,3
4480,2
4481,3
4482,0
4483,1
4484,0
4485,0
4486,2
4487,2
4488,3
4489,2
4490,1
4491,2
4492,3
4493,3
4494,2
4495,2
4496,1
4497,1
4498,2
4499,3
4500,2
4501,3
4502,2
4503,3
4504,2
4505,3
4506,3
4507,3
4508,3
4509,2
4510,0
4511,3
4512,2
4513,2
4514,0
4515,0
4516,0
4517,3
4518,3
4519,0
4520,1
4521,3
4522,3
4523,0
4524,2
4525,3
4526,2
4527,0
4528,3
4529,2
4530,3
4531,0
4532,3
4533,3
4534,3
4535,3
4536,2
4537,3
4538,2
4539,2
4540,3
4541,3
4542,2
4543,2
4544,3
4545,3
4546,1
4547,0
4548,3
4549,0
4550,2
4551,3
4552,3
4553,3
4554,3
4555,3
4556,3
4557,3
4558,3
4559,2
4560,2
4561,1
4562,0
4563,2
4564,0
4565,1
4566,2
4567,2
4568,0
4569,0
4570,3
4571,3
4572,3
4573,0
4574,0
4575,0
4576,3
4577,0
4578,1
4579,3
4580,3
4581,3
4582,3
4583,3
4584,2
4585,3
4586,0
4587,0
4588,0
4589,0
4590,3
4591,2
4592,2
4593,0
4594,0
4595,2
4596,1
4597,0
4598,3
4599,3
4600,0
4601,0
4602,1
4603,2
4604,0
4605,2
4606,0
4607,3
4608,2
4609,3
4610,3
4611,0
4612,3
4613,2
4614,0
4615,0
4616,2
4617,3
4618,0
4619,0
4620,2
4621,3
4622,0
4623,3
4624,2
4625,3
4626,3
4627,3
4628,2
4629,3
4630,2
4631,2
4632,0
4633,1
4634,0
4635,2
4636,2
4637,2
4638,2
4639,3
4640,3
4641,3
4642,2
4643,2
4644,2
4645,0
4646,3
4647,3
4648,0
4649,0
4650,3
4651,2
4652,0
4653,1
4654,0
4655,3
4656,1
4657,0
4658,2
4659,0
4660,1
4661,0
4662,1
4663,3
4664,3
4665,1
4666,2
4667,2
4668,2
4669,2
4670,0
4671,2
4672,2
4673,3
4674,2
4675,3
4676,0
4677,0
4678,2
4679,3
4680,2
4681,3
4682,0
4683,0
4684,2
4685,0
4686,2
4687,2
4688,0
4689,2
4690,3
4691,3
4692,3
4693,3
4694,0
4695,0
4696,0
4697,0
4698,0
4699,0
4700,1
4701,0
4702,1
4703,0
4704,3
4705,3
4706,2
4707,3
4708,0
4709,2
4710,1
4711,2
4712,2
4713,3
4714,3
4715,3
4716,3
4717,3
4718,0
4719,0
4720,3
4721,3
4722,3
4723,1
4724,3
4725,1
4726,0
4727,0
4728,2
4729,3
4730,0
4731,2
4732,3
4733,2
4734,2
4735,1
4736,3
4737,2
4738,2
4739,2
4740,1
4741,0
4742,2
4743,2
4744,3
4745,3
4746,0
4747,2
4748,2
4749,3
4750,3
4751,3
4752,3
4753,0
4754,0
4755,3
4756,3
4757,1
4758,3
4759,2
4760,3
4761,0
4762,0
4763,0
4764,0
4765,3
4766,2
4767,2
4768,1
4769,3
4770,0
4771,3
4772,2
4773,0
4774,1
4775,2
4776,1
4777,2
4778,0
4779,3
4780,3
4781,2
4782,3
4783,0
4784,0
4785,2
4786,0
4787,2
4788,2
4789,0
4790,3
4791,2
4792,3
4793,0
4794,3
4795,3
4796,2
4797,3
4798,3
4799,3
4800,3
4801,2
4802,0
4803,3
4804,3
4805,3
4806,3
4807,2
4808,3
4809,2
4810,0
4811,0
4812,1
4813,2
4814,0
4815,0
4816,0
4817,0
4818,3
4819,3
4820,0
4821,0
4822,2
4823,0
4824,2
4825,3
4826,3
4827,2
4828,3
4829,0
4830,0
4831,3
4832,2
4833,2
4834,3
4835,2
4836,2
4837,0
4838,0
4839,3
4840,1
4841,0
4842,0
4843,0
4844,3
4845,2
4846,1
4847,2
4848,2
4849,2
4850,0
4851,3
4852,2
4853,3
4854,2
4855,3
4856,2
4857,2
4858,3
4859,2
4860,0
4861,0
4862,0
4863,0
4864,0
4865,3
4866,2
4867,3
4868,2
4869,3
4870,0
4871,0
4872,3
4873,0
4874,2
4875,0
4876,2
4877,2
4878,3
4879,2
4880,2
4881,3
4882,1
4883,2
4884,3
4885,2
4886,3
4887,0
4888,3
4889,2
4890,3
4891,0
4892,0
4893,2
4894,3
4895,3
4896,0
4897,0
4898,3
4899,2
4900,3
4901,3
4902,0
4903,1
4904,3
4905,2
4906,2
4907,3
4908,3
4909,2
4910,0
