0,1
1,1
2,1
3,1
4,1
5,1
6,2
7,1
8,1
9,1
10,1
11,1
12,1
13,1
14,1
15,1
16,1
17,1
18,1
19,1
20,1
21,3
22,1
23,1
24,1
25,1
26,1
27,1
28,1
29,2
30,1
31,1
32,1
33,1
34,2
35,1
36,2
37,1
38,1
39,1
40,1
41,1
42,3
43,1
44,1
45,1
46,1
47,2
48,2
49,1
50,1
51,1
52,3
53,1
54,1
55,1
56,1
57,2
58,1
59,1
60,3
61,1
62,1
63,1
64,2
65,1
66,1
67,1
68,2
69,3
70,1
71,1
72,1
73,1
74,1
75,1
76,1
77,2
78,1
79,1
80,2
81,1
82,1
83,1
84,3
85,1
86,1
87,1
88,3
89,1
90,1
91,1
92,2
93,1
94,1
95,1
96,1
97,1
98,1
99,3
100,2
101,2
102,1
103,1
104,2
105,1
106,1
107,2
108,1
109,1
110,1
111,1
112,2
113,1
114,1
115,2
116,1
117,3
118,2
119,1
120,1
121,1
122,1
123,1
124,2
125,2
126,2
127,1
128,1
129,1
130,1
131,1
132,1
133,1
134,2
135,1
136,1
137,1
138,1
139,1
140,1
141,1
142,1
143,1
144,1
145,1
146,1
147,1
148,1
149,1
150,1
151,3
152,2
153,1
154,1
155,3
156,2
157,2
158,2
159,1
160,1
161,1
162,2
163,1
164,1
165,1
166,1
167,1
168,3
169,1
170,1
171,2
172,1
173,1
174,1
175,2
176,1
177,1
178,1
179,1
180,1
181,1
182,1
183,1
184,2
185,1
186,1
187,1
188,1
189,3
190,1
191,1
192,1
193,2
194,1
195,1
196,1
197,1
198,2
199,1
200,1
201,1
202,1
203,2
204,1
205,1
206,2
207,2
208,1
209,1
210,1
211,3
212,1
213,1
214,1
215,1
216,1
217,1
218,1
219,1
220,3
221,2
222,1
223,1
224,1
225,2
226,2
227,1
228,1
229,2
230,1
231,1
232,1
233,1
234,1
235,3
236,2
237,1
238,1
239,2
240,3
241,2
242,1
243,2
244,1
245,1
246,1
247,1
248,1
249,1
250,3
251,3
252,1
253,1
254,2
255,1
256,1
257,3
258,3
259,2
260,1
261,1
262,1
263,3
264,1
265,1
266,3
267,2
268,1
269,1
270,3
271,1
272,1
273,1
274,2
275,1
276,1
277,2
278,1
279,1
280,1
281,2
282,3
283,1
284,3
285,3
286,2
287,2
288,3
289,2
290,1
291,2
292,2
293,2
294,3
295,3
296,2
297,1
298,1
299,1
300,1
301,3
302,1
303,1
304,1
305,3
306,1
307,1
308,2
309,2
310,1
311,1
312,3
313,2
314,1
315,2
316,1
317,3
318,1
319,3
320,1
321,1
322,3
323,1
324,2
325,3
326,1
327,1
328,3
329,2
330,3
331,1
332,1
333,1
334,1
335,1
336,2
337,2
338,1
339,1
340,3
341,3
342,1
343,3
344,1
345,3
346,2
347,1
348,1
349,1
350,2
351,2
352,3
353,1
354,2
355,1
356,2
357,1
358,2
359,2
360,3
361,1
362,1
363,3
364,1
365,2
366,3
367,1
368,2
369,2
370,1
371,1
372,2
373,2
374,1
375,2
376,2
377,1
378,1
379,1
380,3
381,1
382,2
383,1
384,1
385,3
386,2
387,1
388,2
389,2
390,2
391,1
392,1
393,2
394,2
395,2
396,1
397,2
398,2
399,2
400,1
401,2
402,3
403,2
404,1
405,1
406,1
407,3
408,1
409,2
410,2
411,2
412,3
413,1
414,1
415,1
416,2
417,2
418,1
419,3
420,3
421,2
422,2
423,1
424,1
425,1
426,1
427,3
428,2
429,1
430,1
431,3
432,1
433,1
434,3
435,1
436,1
437,2
438,3
439,1
440,1
441,2
442,1
443,1
444,3
445,1
446,1
447,3
448,3
449,1
450,2
451,3
452,1
453,2
454,1
455,3
456,2
457,2
458,1
459,2
460,1
461,1
462,2
463,3
464,1
465,1
466,1
467,1
468,2
469,2
470,1
471,2
472,2
473,3
474,2
475,1
476,2
477,2
478,3
479,3
480,2
481,3
482,1
483,1
484,1
485,2
486,2
487,2
488,1
489,3
490,1
491,1
492,1
493,1
494,1
495,3
496,2
497,1
498,3
499,1
500,1
501,3
502,1
503,1
504,2
505,1
506,1
507,2
508,3
509,1
510,2
511,3
512,1
513,3
514,3
515,2
516,3
517,2
518,2
519,2
520,1
521,2
522,3
523,2
524,1
525,1
526,3
527,3
528,1
529,2
530,1
531,1
532,1
533,1
534,3
535,3
536,3
537,3
538,3
539,3
540,1
541,1
542,3
543,2
544,1
545,1
546,1
547,1
548,2
549,3
550,1
551,1
552,1
553,1
554,1
555,1
556,1
557,1
558,1
559,1
560,3
561,3
562,2
563,1
564,2
565,3
566,1
567,2
568,3
569,1
570,1
571,2
572,1
573,1
574,2
575,3
576,1
577,1
578,1
579,2
580,2
581,3
582,3
583,1
584,3
585,2
586,3
587,2
588,2
589,1
590,2
591,3
592,1
593,1
594,1
595,2
596,3
597,3
598,2
599,3
600,2
601,2
602,1
603,1
604,1
605,2
606,1
607,1
608,1
609,1
610,1
611,3
612,3
613,3
614,1
615,2
616,3
617,1
618,1
619,3
620,3
621,3
622,1
623,1
624,3
625,1
626,1
627,2
628,1
629,2
630,2
631,1
632,3
633,2
634,2
635,1
636,2
637,2
638,3
639,1
640,2
641,3
642,1
643,1
644,3
645,2
646,3
647,2
648,1
649,1
650,1
651,2
652,2
653,2
654,1
655,2
656,1
657,3
658,2
659,1
660,3
661,3
662,3
663,1
664,1
665,1
666,1
667,3
668,1
669,1
670,2
671,2
672,2
673,1
674,3
675,2
676,1
677,1
678,3
679,2
680,2
681,1
682,1
683,1
684,2
685,1
686,1
687,1
688,2
689,2
690,1
691,1
692,1
693,1
694,2
695,3
696,3
697,2
698,2
699,1
700,2
701,1
702,2
703,3
704,3
705,2
706,1
707,1
708,3
709,3
710,2
711,2
712,1
713,1
714,2
715,3
716,3
717,1
718,1
719,3
720,2
721,3
722,2
723,1
724,1
725,1
726,3
727,1
728,1
729,1
730,2
731,1
732,2
733,2
734,2
735,2
736,1
737,2
738,2
739,2
740,2
741,1
742,1
743,2
744,3
745,2
746,1
747,1
748,1
749,3
750,2
751,1
752,1
753,2
754,2
755,2
756,3
757,1
758,2
759,2
760,1
761,2
762,3
763,2
764,2
765,1
766,2
767,1
768,3
769,3
770,3
771,3
772,1
773,2
774,1
775,1
776,1
777,2
778,1
779,1
780,2
781,1
782,2
783,1
784,3
785,1
786,3
787,2
788,1
789,1
790,3
791,2
792,2
793,2
794,3
795,1
796,1
797,3
798,3
799,1
800,3
801,1
802,2
803,2
804,1
805,3
806,3
807,3
808,1
809,3
810,1
811,3
812,2
813,2
814,1
815,2
816,3
817,1
818,3
819,3
820,3
821,3
822,3
823,1
824,3
825,3
826,3
827,3
828,2
829,2
830,2
831,1
832,3
833,2
834,2
835,3
836,1
837,1
838,2
839,2
840,2
841,3
842,2
843,1
844,2
845,2
846,2
847,2
848,2
849,2
850,3
851,2
852,1
853,3
854,2
855,1
856,2
857,2
858,2
859,3
860,1
861,1
862,2
863,3
864,2
865,2
866,2
867,2
868,3
869,1
870,1
871,1
872,1
873,1
874,3
875,2
876,2
877,3
878,1
879,3
880,1
881,3
882,1
883,2
884,1
885,1
886,3
887,2
888,2
889,1
890,1
891,1
892,2
893,3
894,1
895,1
896,2
897,3
898,1
899,1
900,3
901,2
902,1
903,3
904,3
905,2
906,2
907,3
908,1
909,3
910,2
911,1
912,1
913,1
914,1
915,1
916,3
917,1
918,2
919,1
920,3
921,1
922,1
923,1
924,3
925,2
926,3
927,3
928,2
929,3
930,3
931,1
932,1
933,3
934,1
935,3
936,2
937,2
938,2
939,2
940,1
941,1
942,1
943,3
944,1
945,2
946,3
947,1
948,3
949,1
950,3
951,3
952,1
953,3
954,2
955,3
956,2
957,2
958,3
959,3
960,1
961,3
962,2
963,3
964,1
965,2
966,1
967,3
968,2
969,3
970,2
971,2
972,3
973,1
974,1
975,1
976,2
977,3
978,3
979,2
980,1
981,2
982,1
983,1
984,2
985,3
986,3
987,2
988,1
989,2
990,3
991,3
992,2
993,2
994,2
995,1
996,3
997,3
998,1
999,2
1000,2
1001,2
1002,1
1003,2
1004,2
1005,2
1006,2
1007,2
1008,1
1009,2
1010,2
1011,1
1012,3
1013,3
1014,1
1015,1
1016,2
1017,1
1018,3
1019,3
1020,1
1021,1
1022,1
1023,2
1024,2
1025,3
1026,2
1027,1
1028,3
1029,3
1030,1
1031,1
1032,3
1033,1
1034,2
1035,3
1036,3
1037,1
1038,1
1039,1
1040,3
1041,1
1042,1
1043,3
1044,1
1045,3
1046,3
1047,1
1048,3
1049,3
1050,2
1051,1
1052,2
1053,3
1054,3
1055,1
1056,1
1057,2
1058,2
1059,2
1060,2
1061,1
1062,3
1063,1
1064,3
1065,2
1066,3
1067,2
1068,1
1069,1
1070,2
1071,3
1072,1
1073,1
1074,2
1075,1
1076,2
1077,1
1078,3
1079,2
1080,1
1081,1
1082,3
1083,1
1084,2
1085,1
1086,3
1087,2
1088,2
1089,1
1090,3
1091,1
1092,3
1093,2
1094,1
1095,2
1096,3
1097,2
1098,2
1099,2
1100,2
1101,3
1102,3
1103,3
1104,2
1105,3
1106,2
1107,1
1108,1
1109,3
1110,3
1111,2
1112,2
1113,3
1114,2
1115,2
1116,2
1117,2
1118,3
1119,1
1120,2
1121,2
1122,1
1123,1
1124,1
1125,3
1126,1
1127,3
1128,2
1129,2
1130,1
1131,1
1132,1
1133,2
1134,3
1135,2
1136,2
1137,3
1138,3
1139,3
1140,3
1141,1
1142,2
1143,3
1144,2
1145,2
1146,2
1147,3
1148,2
1149,2
1150,2
1151,3
1152,2
1153,2
1154,2
1155,2
1156,1
1157,3
1158,2
1159,3
1160,1
1161,3
1162,3
1163,2
1164,1
1165,3
1166,3
1167,3
1168,2
1169,1
1170,2
1171,3
1172,3
1173,1
1174,3
1175,3
1176,3
1177,1
1178,1
1179,3
1180,1
1181,2
1182,2
1183,2
1184,2
1185,2
1186,2
1187,3
1188,3
1189,1
1190,2
1191,2
1192,1
1193,1
1194,1
1195,3
1196,1
1197,2
1198,2
1199,2
1200,1
1201,1
1202,3
1203,2
1204,2
1205,2
1206,1
1207,3
1208,1
1209,2
1210,2
1211,1
1212,1
1213,3
1214,2
1215,2
1216,1
1217,3
1218,1
1219,2
1220,1
1221,2
1222,2
1223,2
1224,1
1225,1
1226,1
1227,3
1228,2
1229,3
1230,3
1231,2
1232,1
1233,3
1234,2
1235,3
1236,3
1237,3
1238,3
1239,1
1240,1
1241,3
1242,2
1243,3
1244,1
1245,3
1246,3
1247,2
1248,2
1249,2
1250,1
1251,3
1252,1
1253,2
1254,3
1255,3
1256,3
1257,1
1258,2
1259,1
1260,1
1261,1
1262,2
1263,3
1264,1
1265,1
1266,2
1267,3
1268,3
1269,3
1270,3
1271,2
1272,2
1273,2
1274,2
1275,1
1276,1
1277,1
1278,3
1279,1
1280,3
1281,1
1282,1
1283,2
1284,3
1285,2
1286,2
1287,3
1288,2
1289,2
1290,3
1291,3
1292,2
1293,2
1294,1
1295,1
1296,3
1297,1
1298,3
1299,2
1300,2
1301,2
1302,3
1303,2
1304,2
1305,1
1306,2
1307,2
1308,2
1309,3
1310,1
1311,2
1312,1
1313,1
1314,2
1315,2
1316,3
1317,2
1318,2
1319,1
1320,3
1321,3
1322,3
1323,3
1324,3
1325,1
1326,3
1327,2
1328,1
1329,2
1330,1
1331,3
1332,1
1333,2
1334,3
1335,3
1336,2
1337,3
1338,1
1339,2
1340,2
1341,1
1342,3
1343,2
1344,1
1345,1
1346,3
1347,1
1348,2
1349,2
1350,1
1351,1
1352,3
1353,1
1354,2
1355,3
1356,1
1357,3
1358,1
1359,3
1360,1
1361,1
1362,1
1363,1
1364,1
1365,3
1366,1
1367,2
1368,3
1369,3
1370,3
1371,1
1372,3
1373,3
1374,3
1375,3
1376,3
1377,1
1378,3
1379,1
1380,2
1381,3
1382,3
1383,1
1384,1
1385,3
1386,3
1387,3
1388,2
1389,3
1390,3
1391,3
1392,1
1393,1
1394,2
1395,1
1396,3
1397,1
1398,1
1399,3
1400,1
1401,2
1402,1
1403,1
1404,3
1405,2
1406,2
1407,3
1408,2
1409,2
1410,2
1411,2
1412,2
1413,3
1414,1
1415,2
1416,1
1417,3
1418,1
1419,1
1420,3
1421,3
1422,1
1423,1
1424,2
1425,3
1426,1
1427,1
1428,2
1429,2
1430,2
1431,3
1432,3
1433,1
1434,3
1435,2
1436,3
1437,1
1438,3
1439,3
1440,1
1441,2
1442,3
1443,2
1444,3
1445,2
1446,2
1447,2
1448,2
1449,2
1450,2
1451,1
1452,3
1453,3
1454,3
1455,1
1456,3
1457,2
1458,2
1459,2
1460,2
1461,2
1462,3
1463,1
1464,2
1465,3
1466,3
1467,2
1468,3
1469,2
1470,2
1471,2
1472,3
1473,3
1474,3
1475,2
1476,2
1477,1
1478,2
1479,2
1480,2
1481,2
1482,3
1483,1
1484,2
1485,3
1486,2
1487,2
1488,2
1489,2
1490,2
1491,3
1492,3
1493,1
1494,2
1495,2
1496,1
1497,2
1498,3
1499,2
1500,3
1501,2
1502,1
1503,2
1504,3
1505,3
1506,1
1507,3
1508,3
1509,2
1510,3
1511,3
1512,2
1513,2
1514,1
1515,1
1516,2
1517,1
1518,3
1519,1
1520,2
1521,3
1522,3
1523,2
1524,3
1525,2
1526,1
1527,3
1528,2
1529,2
1530,2
1531,2
1532,3
1533,3
1534,1
1535,2
1536,3
1537,2
1538,2
1539,2
1540,3
1541,1
1542,1
1543,1
1544,1
1545,1
1546,2
1547,3
1548,3
1549,2
1550,3
1551,1
1552,3
1553,2
1554,3
1555,2
1556,3
1557,1
1558,3
1559,1
1560,1
1561,3
1562,2
1563,2
1564,3
1565,2
1566,3
1567,1
1568,3
1569,3
1570,1
1571,3
1572,1
1573,1
1574,3
1575,1
1576,1
1577,3
1578,1
1579,2
1580,1
1581,1
1582,2
1583,3
1584,3
1585,3
1586,3
1587,2
1588,2
1589,3
1590,3
1591,2
1592,2
1593,3
1594,2
1595,2
1596,2
1597,3
1598,2
1599,2
1600,3
1601,2
1602,3
1603,1
1604,2
1605,3
1606,2
1607,1
1608,1
1609,2
1610,2
1611,2
1612,3
1613,1
1614,2
1615,2
1616,2
1617,1
1618,2
1619,1
1620,2
1621,3
1622,2
1623,2
1624,1
1625,1
1626,1
1627,2
1628,3
1629,1
1630,3
1631,3
1632,2
1633,2
1634,1
1635,2
1636,1
1637,2
1638,1
1639,3
1640,2
1641,1
1642,3
1643,1
1644,1
1645,2
1646,3
1647,2
1648,3
1649,3
1650,3
1651,3
1652,1
1653,3
1654,3
1655,1
1656,2
1657,2
1658,2
1659,1
1660,3
1661,3
1662,3
1663,3
1664,1
1665,3
1666,2
1667,1
1668,3
1669,2
1670,1
1671,3
1672,1
1673,2
1674,2
1675,3
1676,3
1677,1
1678,2
1679,2
1680,2
1681,3
1682,1
1683,1
1684,2
1685,3
1686,3
1687,2
1688,3
1689,2
1690,1
1691,2
1692,2
1693,1
1694,1
1695,3
1696,1
1697,2
1698,3
1699,2
1700,1
1701,3
1702,2
1703,2
1704,1
1705,3
1706,3
1707,2
1708,3
1709,3
1710,3
1711,1
1712,3
1713,1
1714,3
1715,3
1716,3
1717,2
1718,1
1719,3
1720,1
1721,1
1722,1
1723,3
1724,3
1725,1
1726,2
1727,3
1728,2
1729,2
1730,2
1731,1
1732,1
1733,3
1734,3
1735,3
1736,2
1737,1
1738,3
1739,2
1740,3
1741,1
1742,2
1743,3
1744,1
1745,3
1746,1
1747,1
1748,3
1749,2
1750,2
1751,1
1752,2
1753,1
1754,2
1755,2
1756,3
1757,3
1758,2
1759,2
1760,1
1761,3
1762,2
1763,2
1764,1
1765,3
1766,3
1767,3
1768,2
1769,1
1770,2
1771,2
1772,1
1773,3
1774,2
1775,2
1776,3
1777,3
1778,2
1779,2
1780,2
1781,3
1782,2
1783,2
1784,3
1785,1
1786,1
1787,2
1788,2
1789,1
1790,2
1791,3
1792,3
1793,3
1794,2
1795,2
1796,1
1797,2
1798,3
1799,2
1800,3
1801,3
1802,1
1803,1
1804,3
1805,3
1806,3
1807,1
1808,2
1809,3
1810,3
1811,3
1812,3
1813,3
1814,3
1815,2
1816,1
1817,2
1818,1
1819,3
1820,1
1821,2
1822,3
1823,1
1824,2
1825,3
1826,1
1827,2
1828,3
1829,3
1830,3
1831,3
1832,3
1833,2
1834,2
1835,2
1836,2
1837,3
1838,1
1839,1
1840,1
1841,1
1842,3
1843,3
1844,2
1845,3
1846,1
1847,2
1848,2
1849,3
1850,2
1851,2
1852,2
1853,2
1854,2
1855,2
1856,1
1857,3
1858,2
1859,2
1860,2
1861,2
1862,2
1863,2
1864,3
1865,2
1866,1
1867,3
1868,1
1869,2
1870,2
1871,1
1872,1
1873,2
1874,3
1875,2
1876,3
1877,2
1878,2
1879,1
1880,3
1881,2
1882,3
1883,1
1884,3
1885,3
1886,3
1887,2
1888,1
1889,3
1890,1
1891,2
1892,3
1893,3
1894,2
1895,2
1896,3
1897,2
1898,3
1899,2
1900,3
1901,2
1902,1
1903,3
1904,3
1905,1
1906,3
1907,2
1908,3
1909,2
1910,2
1911,2
1912,2
1913,3
1914,2
1915,3
1916,2
1917,2
1918,1
1919,2
1920,2
1921,1
1922,1
1923,2
1924,2
1925,1
1926,3
1927,3
1928,3
1929,1
1930,2
1931,3
1932,3
1933,3
1934,2
1935,3
1936,3
1937,2
1938,3
1939,2
1940,1
1941,2
1942,2
1943,1
1944,3
1945,2
1946,3
1947,3
1948,1
1949,1
1950,2
1951,2
1952,3
1953,3
1954,2
1955,3
1956,2
1957,1
1958,2
1959,3
1960,3
1961,1
1962,2
1963,3
1964,2
1965,1
1966,2
1967,2
1968,2
1969,2
1970,1
1971,2
1972,2
1973,2
1974,3
1975,3
1976,2
1977,2
1978,3
1979,2
1980,1
1981,2
1982,2
1983,3
1984,3
1985,3
1986,2
1987,2
1988,2
1989,3
1990,3
1991,2
1992,2
1993,2
1994,1
1995,3
1996,3
1997,2
1998,3
1999,2
2000,3
2001,1
2002,3
2003,2
2004,2
2005,3
2006,1
2007,2
2008,3
2009,3
2010,2
2011,3
2012,3
2013,3
2014,2
2015,1
2016,1
2017,2
2018,1
2019,2
2020,2
2021,1
2022,2
2023,1
2024,2
2025,2
2026,2
2027,3
2028,1
2029,1
2030,2
2031,3
2032,2
2033,2
2034,2
2035,2
2036,3
2037,3
2038,2
2039,3
2040,2
2041,1
2042,2
2043,2
2044,3
2045,3
2046,1
2047,2
2048,2
2049,3
2050,3
2051,2
2052,1
2053,1
2054,2
2055,1
2056,2
2057,1
2058,2
2059,3
2060,3
2061,2
2062,1
2063,2
2064,1
2065,3
2066,1
2067,2
2068,2
2069,1
2070,2
2071,2
2072,2
2073,2
2074,2
2075,1
2076,3
2077,2
2078,1
2079,1
2080,2
2081,2
2082,2
2083,2
2084,3
2085,3
2086,2
2087,1
2088,3
2089,2
2090,2
2091,3
2092,3
2093,3
2094,3
2095,2
2096,3
2097,1
2098,3
2099,3
2100,3
2101,1
2102,2
2103,2
2104,2
2105,2
2106,3
2107,3
2108,2
2109,1
2110,3
2111,3
2112,3
2113,1
2114,3
2115,3
2116,1
2117,2
2118,2
2119,1
2120,3
2121,3
2122,2
2123,3
2124,1
2125,3
2126,2
2127,3
2128,1
2129,1
2130,3
2131,3
2132,1
2133,3
2134,2
2135,3
2136,2
2137,3
2138,2
2139,2
2140,1
2141,2
2142,2
2143,3
2144,2
2145,2
2146,1
2147,1
2148,3
2149,2
2150,2
2151,3
2152,2
2153,3
2154,3
2155,3
2156,3
2157,2
2158,1
2159,2
2160,2
2161,2
2162,1
2163,2
2164,2
2165,2
2166,1
2167,3
2168,2
2169,1
2170,2
2171,2
2172,2
2173,2
2174,2
2175,2
2176,1
2177,3
2178,2
2179,2
2180,3
2181,2
2182,2
2183,2
2184,3
2185,3
2186,3
2187,1
2188,3
2189,2
2190,2
2191,1
2192,3
2193,3
2194,2
2195,3
2196,2
2197,3
2198,2
2199,2
2200,3
2201,3
2202,2
2203,1
2204,3
2205,1
2206,3
2207,2
2208,2
2209,2
2210,3
2211,1
2212,3
2213,2
2214,3
2215,3
2216,1
2217,1
2218,3
2219,3
2220,3
2221,2
2222,3
2223,3
2224,3
2225,1
2226,3
2227,3
2228,3
2229,1
2230,1
2231,1
2232,1
2233,3
2234,2
2235,2
2236,1
2237,3
2238,1
2239,3
2240,1
2241,3
2242,1
2243,3
2244,1
2245,3
2246,2
2247,2
2248,2
2249,2
2250,2
2251,1
2252,2
2253,2
2254,3
2255,2
2256,3
2257,2
2258,2
2259,2
2260,2
2261,3
2262,2
2263,2
2264,3
2265,1
2266,2
2267,2
2268,1
2269,3
2270,1
2271,3
2272,3
2273,3
2274,3
2275,3
2276,2
2277,2
2278,3
2279,3
2280,3
2281,3
2282,2
2283,3
2284,2
2285,2
2286,2
2287,3
2288,2
2289,2
2290,2
2291,3
2292,2
2293,3
2294,2
2295,3
2296,3
2297,1
2298,3
2299,3
2300,2
2301,1
2302,1
2303,2
2304,3
2305,1
2306,2
2307,3
2308,2
2309,2
2310,2
2311,3
2312,2
2313,2
2314,3
2315,2
2316,1
2317,2
2318,2
2319,2
2320,1
2321,3
2322,1
2323,3
2324,3
2325,3
2326,2
2327,2
2328,3
2329,3
2330,2
2331,3
2332,3
2333,3
2334,2
2335,2
2336,3
2337,3
2338,3
2339,1
2340,2
2341,1
2342,2
2343,2
2344,2
2345,1
2346,1
2347,3
2348,3
2349,2
2350,3
2351,3
2352,3
2353,1
2354,3
2355,2
2356,3
2357,2
2358,2
2359,2
2360,3
2361,2
2362,2
2363,3
2364,3
2365,2
2366,3
2367,2
2368,2
2369,1
2370,2
2371,3
2372,3
2373,2
2374,3
2375,1
2376,3
2377,2
2378,2
2379,3
2380,3
2381,2
2382,2
2383,3
2384,3
2385,2
2386,2
2387,3
2388,3
2389,2
2390,3
2391,1
2392,2
2393,3
2394,3
2395,2
2396,3
2397,3
2398,1
2399,3
2400,3
2401,1
2402,1
2403,3
2404,3
2405,1
2406,3
2407,3
2408,1
2409,3
2410,2
2411,2
2412,1
2413,3
2414,3
2415,3
2416,3
2417,2
2418,3
2419,2
2420,1
2421,2
2422,3
2423,3
2424,3
2425,2
2426,3
2427,3
2428,3
2429,2
2430,2
2431,2
2432,2
2433,2
2434,2
2435,2
2436,2
2437,3
2438,2
2439,3
2440,3
2441,3
2442,2
2443,2
2444,3
2445,3
2446,2
2447,3
2448,3
2449,3
2450,3
2451,2
2452,3
2453,3
2454,3
2455,3
2456,1
2457,3
2458,1
2459,2
2460,3
2461,1
2462,1
2463,1
2464,3
2465,3
2466,1
2467,2
2468,3
2469,1
2470,1
2471,1
2472,3
2473,2
2474,2
2475,3
2476,3
2477,3
2478,3
2479,3
2480,3
2481,3
2482,2
2483,2
2484,1
2485,1
2486,3
2487,2
2488,3
2489,1
2490,2
2491,3
2492,2
2493,3
2494,2
2495,3
2496,1
2497,2
2498,2
2499,2
2500,2
2501,2
2502,3
2503,2
2504,2
2505,1
2506,3
2507,2
2508,2
2509,3
2510,3
2511,3
2512,3
2513,3
2514,3
2515,3
2516,2
2517,1
2518,3
2519,3
2520,3
2521,1
2522,2
2523,3
2524,2
2525,2
2526,3
2527,2
2528,3
2529,2
2530,3
2531,3
2532,2
2533,3
2534,1
2535,3
2536,3
2537,3
2538,2
2539,2
2540,3
2541,3
2542,3
2543,3
2544,2
2545,1
2546,2
2547,2
2548,2
2549,2
2550,1
2551,3
2552,2
2553,2
2554,2
2555,1
2556,2
2557,3
2558,2
2559,2
2560,3
2561,3
2562,3
2563,2
2564,3
2565,2
2566,2
2567,2
2568,1
2569,3
2570,3
2571,2
2572,2
2573,2
2574,2
2575,3
2576,2
2577,3
2578,3
2579,2
2580,2
2581,3
2582,1
2583,3
2584,3
2585,1
2586,3
2587,1
2588,1
2589,2
2590,3
2591,3
2592,3
2593,1
2594,3
2595,3
2596,3
2597,3
2598,2
2599,3
2600,3
2601,3
2602,3
2603,2
2604,1
2605,2
2606,1
2607,2
2608,3
2609,2
2610,2
2611,1
2612,2
2613,2
2614,1
2615,2
2616,3
2617,1
2618,3
2619,2
2620,2
2621,3
2622,3
2623,2
2624,2
2625,2
2626,3
2627,3
2628,2
2629,2
2630,2
2631,3
2632,3
2633,3
2634,2
2635,1
2636,3
2637,2
2638,3
2639,2
2640,3
2641,2
2642,2
2643,1
2644,2
2645,2
2646,1
2647,2
2648,2
2649,2
2650,3
2651,3
2652,3
2653,3
2654,2
2655,3
2656,1
2657,3
2658,3
2659,2
2660,1
2661,2
2662,2
2663,2
2664,2
2665,2
2666,3
2667,3
2668,2
2669,3
2670,2
2671,3
2672,3
2673,3
2674,3
2675,3
2676,3
2677,2
2678,2
2679,3
2680,2
2681,3
2682,3
2683,2
2684,2
2685,3
2686,1
2687,1
2688,1
2689,3
2690,3
2691,2
2692,3
2693,3
2694,3
2695,2
2696,1
2697,2
2698,3
2699,3
2700,2
2701,3
2702,1
2703,2
2704,3
2705,1
2706,2
2707,2
2708,3
2709,3
2710,3
2711,2
2712,3
2713,2
2714,3
2715,3
2716,3
2717,3
2718,2
2719,2
2720,2
2721,2
2722,3
2723,3
2724,3
2725,2
2726,2
2727,3
2728,3
2729,3
2730,2
2731,2
2732,3
2733,3
2734,3
2735,3
2736,2
2737,3
2738,3
2739,3
2740,2
2741,3
2742,3
2743,2
2744,2
2745,3
2746,2
2747,2
2748,2
2749,3
2750,3
2751,2
2752,3
2753,3
2754,1
2755,2
2756,1
2757,2
2758,3
2759,2
2760,3
2761,1
2762,2
2763,2
2764,2
2765,3
2766,2
2767,2
2768,1
2769,1
2770,2
2771,1
2772,2
2773,2
2774,2
2775,1
2776,1
2777,3
2778,2
2779,2
2780,3
2781,3
2782,2
2783,3
2784,1
2785,2
2786,2
2787,1
2788,2
2789,3
2790,2
2791,3
2792,1
2793,2
2794,1
2795,3
2796,2
2797,2
2798,2
2799,3
2800,2
2801,3
2802,3
2803,2
2804,2
2805,2
2806,3
2807,2
2808,2
2809,1
2810,3
2811,2
2812,2
2813,2
2814,2
2815,2
2816,3
2817,1
2818,2
2819,3
2820,3
2821,1
2822,2
2823,2
2824,2
2825,3
2826,2
2827,3
2828,2
2829,2
2830,3
2831,3
2832,1
2833,3
2834,3
2835,3
2836,1
2837,3
2838,2
2839,2
2840,2
2841,3
2842,3
2843,2
2844,3
2845,3
2846,1
2847,2
2848,3
2849,2
2850,3
2851,2
2852,3
2853,3
2854,2
2855,1
2856,1
2857,3
2858,2
2859,3
2860,3
2861,3
2862,2
2863,1
2864,2
2865,2
2866,3
2867,3
2868,2
2869,3
2870,3
2871,2
2872,2
2873,2
2874,2
2875,2
2876,3
2877,3
2878,2
2879,2
2880,2
2881,3
2882,3
2883,3
2884,3
2885,2
2886,2
2887,1
2888,3
2889,2
2890,1
2891,1
2892,2
2893,3
2894,2
2895,1
2896,1
2897,1
2898,3
2899,1
2900,1
2901,2
2902,2
2903,3
2904,1
2905,1
2906,3
2907,2
2908,3
2909,3
2910,3
2911,1
2912,2
2913,2
2914,1
2915,2
2916,3
2917,1
2918,2
2919,2
2920,3
2921,3
2922,2
2923,2
2924,1
2925,2
2926,2
2927,1
2928,2
2929,2
2930,3
2931,3
2932,1
2933,3
2934,2
2935,2
2936,3
2937,1
2938,2
2939,3
2940,3
2941,3
2942,3
2943,2
2944,3
2945,3
2946,3
2947,2
2948,1
2949,3
2950,3
2951,1
2952,1
2953,2
2954,3
2955,3
2956,2
2957,2
2958,2
2959,3
2960,2
2961,3
2962,3
2963,1
2964,3
2965,3
2966,1
2967,3
2968,2
2969,3
2970,2
2971,3
2972,1
2973,3
2974,2
2975,3
2976,2
2977,3
2978,2
2979,2
2980,3
2981,3
2982,3
2983,3
2984,2
2985,2
2986,2
2987,2
2988,2
2989,2
2990,1
2991,1
2992,2
2993,3
2994,2
2995,2
2996,3
2997,3
2998,1
2999,1
3000,3
3001,2
3002,2
3003,2
3004,3
3005,2
3006,2
3007,2
3008,2
3009,3
3010,3
3011,2
3012,2
3013,2
3014,1
3015,2
3016,2
3017,2
3018,3
3019,3
3020,3
3021,3
3022,3
3023,3
3024,3
3025,2
3026,3
3027,2
3028,2
3029,1
3030,3
3031,3
3032,2
3033,3
3034,1
3035,1
3036,3
3037,1
3038,1
3039,2
3040,3
3041,3
3042,1
3043,1
3044,1
3045,2
3046,2
3047,1
3048,3
3049,2
3050,3
3051,3
3052,2
3053,3
3054,2
3055,2
3056,3
3057,2
3058,2
3059,2
3060,3
3061,2
3062,3
3063,1
3064,2
3065,3
3066,3
3067,1
3068,1
3069,2
3070,1
3071,1
3072,3
3073,3
3074,2
3075,3
3076,2
3077,1
3078,3
3079,2
3080,2
3081,3
3082,3
3083,1
3084,3
3085,1
3086,1
3087,1
3088,2
3089,1
3090,2
3091,3
3092,2
3093,3
3094,1
3095,3
3096,3
3097,3
3098,2
3099,2
3100,3
3101,2
3102,1
3103,1
3104,3
3105,1
3106,3
3107,3
3108,2
3109,3
3110,3
3111,3
3112,3
3113,3
3114,3
3115,2
3116,3
3117,3
3118,2
3119,2
3120,2
3121,2
3122,3
3123,2
3124,3
3125,3
3126,3
3127,2
3128,3
3129,2
3130,3
3131,1
3132,1
3133,2
3134,1
3135,1
3136,2
3137,2
3138,3
3139,3
3140,3
3141,2
3142,3
3143,3
3144,2
3145,1
3146,1
3147,2
3148,3
3149,3
3150,2
3151,2
3152,2
3153,2
3154,3
3155,3
3156,3
3157,3
3158,3
3159,3
3160,3
3161,3
3162,1
3163,3
3164,1
3165,3
3166,3
3167,2
3168,3
3169,2
3170,3
3171,3
3172,3
3173,2
3174,3
3175,3
3176,2
3177,2
3178,2
3179,3
3180,2
3181,3
3182,3
3183,2
3184,1
3185,2
3186,2
3187,1
3188,2
3189,2
3190,3
3191,2
3192,2
3193,3
3194,2
3195,3
3196,2
3197,3
3198,2
3199,2
3200,2
3201,2
3202,3
3203,2
3204,2
3205,2
3206,2
3207,3
3208,2
3209,1
3210,3
3211,3
3212,2
3213,3
3214,1
3215,2
3216,3
3217,3
3218,1
3219,3
3220,3
3221,3
3222,3
3223,3
3224,2
3225,3
3226,2
3227,2
3228,1
3229,3
3230,3
3231,3
3232,1
3233,2
3234,2
3235,3
3236,3
3237,2
3238,3
3239,1
3240,2
3241,2
3242,2
3243,3
3244,1
3245,1
3246,2
3247,3
3248,2
3249,3
3250,2
3251,2
3252,3
3253,2
3254,3
3255,2
3256,3
3257,3
3258,2
3259,2
3260,3
3261,2
3262,2
3263,3
3264,1
3265,2
3266,2
3267,3
3268,2
3269,2
3270,3
3271,3
3272,1
3273,3
3274,2
3275,1
3276,2
3277,3
3278,2
3279,2
3280,3
3281,3
3282,3
3283,3
3284,2
3285,3
3286,2
3287,2
3288,3
3289,2
3290,3
3291,3
3292,2
3293,3
3294,2
3295,3
3296,3
3297,3
3298,3
3299,1
3300,2
3301,3
3302,2
3303,2
3304,3
3305,3
3306,2
3307,1
3308,2
3309,1
3310,1
3311,3
3312,2
3313,3
3314,3
3315,2
3316,1
3317,2
3318,2
3319,3
3320,1
3321,2
3322,2
3323,2
3324,2
3325,3
3326,2
3327,3
3328,3
3329,2
3330,2
3331,3
3332,3
3333,2
3334,2
3335,3
3336,3
3337,3
3338,3
3339,3
3340,2
3341,3
3342,2
3343,3
3344,3
3345,3
3346,2
3347,3
3348,3
3349,3
3350,2
3351,3
3352,3
3353,2
3354,2
3355,2
3356,3
3357,2
3358,2
3359,2
3360,3
3361,3
3362,1
3363,1
3364,2
3365,2
3366,1
3367,2
3368,2
3369,3
3370,2
3371,3
3372,2
3373,2
3374,2
3375,3
3376,3
3377,3
3378,2
3379,2
3380,3
3381,2
3382,2
3383,3
3384,2
3385,3
3386,2
3387,2
3388,3
3389,3
3390,3
3391,3
3392,3
3393,3
3394,3
3395,2
3396,3
3397,2
3398,3
3399,2
3400,2
3401,3
3402,3
3403,2
3404,1
3405,1
3406,3
3407,3
3408,3
3409,3
3410,2
3411,2
3412,1
3413,3
3414,1
3415,1
3416,1
3417,3
3418,2
3419,2
3420,3
3421,2
3422,3
3423,2
3424,3
3425,3
3426,2
3427,3
3428,3
3429,3
3430,3
3431,2
3432,2
3433,3
3434,2
3435,3
3436,2
3437,3
3438,3
3439,2
3440,2
3441,2
3442,3
3443,3
3444,2
3445,3
3446,2
3447,2
3448,3
3449,2
3450,2
3451,2
3452,3
3453,2
3454,2
3455,2
3456,2
3457,1
3458,3
3459,3
3460,3
3461,3
3462,3
3463,3
3464,2
3465,3
3466,2
3467,2
3468,3
3469,3
3470,2
3471,2
3472,3
3473,2
3474,2
3475,3
3476,2
3477,3
3478,3
3479,2
3480,1
3481,2
3482,3
3483,3
3484,3
3485,3
3486,2
3487,2
3488,3
3489,3
3490,3
3491,3
3492,3
3493,3
3494,2
3495,2
3496,3
3497,2
3498,2
3499,3
3500,2
3501,2
3502,3
3503,2
3504,2
3505,1
3506,2
3507,3
3508,3
3509,2
3510,2
3511,3
3512,3
3513,1
3514,2
3515,2
3516,3
3517,3
3518,2
3519,1
3520,3
3521,2
3522,2
3523,2
3524,1
3525,1
3526,3
3527,1
3528,3
3529,1
3530,1
3531,1
3532,3
3533,2
3534,3
3535,3
3536,2
3537,3
3538,3
3539,2
3540,3
3541,3
3542,3
3543,2
3544,3
3545,1
3546,2
3547,3
3548,3
3549,3
3550,3
3551,3
3552,3
3553,2
3554,1
3555,2
3556,1
3557,3
3558,3
3559,2
3560,2
3561,3
3562,3
3563,3
3564,2
3565,3
3566,1
3567,2
3568,1
3569,3
3570,2
3571,2
3572,2
3573,2
3574,2
3575,1
3576,3
3577,3
3578,2
3579,2
3580,1
3581,2
3582,3
3583,2
3584,1
3585,3
3586,2
3587,3
3588,3
3589,2
3590,2
3591,3
3592,2
3593,2
3594,3
3595,3
3596,2
3597,3
3598,2
3599,3
3600,2
3601,2
3602,2
3603,3
3604,3
3605,1
3606,1
3607,2
3608,3
3609,3
3610,2
3611,2
3612,2
3613,3
3614,2
3615,3
3616,2
3617,3
3618,2
3619,3
3620,3
3621,2
3622,2
3623,3
3624,1
3625,2
3626,2
3627,1
3628,2
3629,3
3630,3
3631,1
3632,2
3633,3
3634,2
3635,1
3636,2
3637,3
3638,2
3639,1
3640,3
3641,2
3642,2
3643,2
3644,3
3645,1
3646,2
3647,2
3648,3
3649,2
3650,3
3651,3
3652,2
3653,1
3654,2
3655,2
3656,2
3657,1
3658,3
3659,2
3660,3
3661,2
3662,3
3663,1
3664,3
3665,2
3666,3
3667,2
3668,3
3669,2
3670,2
3671,2
3672,3
3673,2
3674,2
3675,3
3676,2
3677,2
3678,2
3679,3
3680,3
3681,2
3682,3
3683,3
3684,2
3685,2
3686,3
3687,2
3688,3
3689,3
3690,2
3691,3
3692,3
3693,3
3694,3
3695,3
3696,2
3697,2
3698,1
3699,3
3700,3
3701,2
3702,3
3703,3
3704,2
3705,3
3706,1
3707,1
3708,3
3709,2
3710,2
3711,3
3712,1
3713,1
3714,3
3715,3
3716,3
3717,3
3718,3
3719,3
3720,2
3721,2
3722,2
3723,3
3724,3
3725,3
3726,3
3727,3
3728,3
3729,3
3730,2
3731,3
3732,1
3733,1
3734,3
3735,2
3736,2
3737,2
3738,3
3739,3
3740,2
3741,3
3742,3
3743,2
3744,2
3745,2
3746,2
3747,2
3748,1
3749,1
3750,2
3751,2
3752,2
3753,3
3754,2
3755,2
3756,3
3757,2
3758,3
3759,3
3760,3
3761,3
3762,1
3763,1
3764,3
3765,2
3766,3
3767,2
3768,1
3769,2
3770,3
3771,3
3772,2
3773,2
3774,2
3775,2
3776,2
3777,2
3778,1
3779,2
3780,3
3781,3
3782,3
3783,1
3784,3
3785,2
3786,3
3787,3
3788,3
3789,3
3790,3
3791,3
3792,3
3793,3
3794,2
3795,3
3796,3
3797,1
3798,3
3799,3
3800,2
3801,2
3802,2
3803,3
3804,3
3805,2
3806,1
3807,2
3808,3
3809,3
3810,3
3811,1
3812,3
3813,2
3814,3
3815,3
3816,3
3817,2
3818,3
3819,3
3820,2
3821,3
3822,2
3823,2
3824,3
3825,3
3826,3
3827,2
3828,1
3829,2
3830,3
3831,2
3832,2
3833,1
3834,3
3835,2
3836,2
3837,3
3838,3
3839,2
3840,3
3841,3
3842,3
3843,1
3844,2
3845,3
3846,2
3847,2
3848,3
3849,2
3850,2
3851,2
3852,3
3853,3
3854,3
3855,2
3856,3
3857,2
3858,3
3859,2
3860,2
3861,2
3862,1
3863,3
3864,1
3865,3
3866,2
3867,3
3868,2
3869,2
3870,1
3871,3
3872,2
3873,3
3874,3
3875,2
3876,3
3877,1
3878,1
3879,2
3880,2
3881,2
3882,3
3883,3
3884,3
3885,3
3886,3
3887,2
3888,3
3889,2
3890,1
3891,2
3892,2
3893,3
3894,2
3895,2
3896,3
3897,3
3898,3
3899,2
3900,2
3901,2
3902,2
3903,3
3904,2
3905,2
3906,2
3907,1
3908,1
3909,2
3910,1
3911,2
3912,3
3913,3
3914,1
3915,3
3916,2
3917,3
3918,1
3919,1
3920,3
3921,3
3922,2
3923,3
3924,3
3925,3
3926,2
3927,3
3928,1
3929,3
3930,3
3931,1
3932,3
3933,2
3934,2
3935,3
3936,1
3937,3
3938,2
3939,3
3940,2
3941,2
3942,3
3943,2
3944,3
3945,2
3946,2
3947,2
3948,2
3949,3
3950,3
3951,3
3952,2
3953,3
3954,2
3955,3
3956,2
3957,3
3958,3
3959,2
3960,3
3961,2
3962,3
3963,2
3964,3
3965,1
3966,2
3967,2
3968,3
3969,2
3970,1
3971,2
3972,3
3973,3
3974,2
3975,2
3976,1
3977,1
3978,2
3979,3
3980,2
3981,3
3982,2
3983,3
3984,2
3985,3
3986,3
3987,3
3988,3
3989,2
3990,3
3991,2
3992,2
3993,3
3994,3
3995,1
3996,3
3997,3
3998,2
3999,3
4000,2
4001,3
4002,2
4003,3
4004,3
4005,3
4006,3
4007,3
4008,2
4009,3
4010,2
4011,2
4012,3
4013,3
4014,2
4015,2
4016,3
4017,3
4018,1
4019,3
4020,2
4021,3
4022,3
4023,3
4024,3
4025,3
4026,3
4027,3
4028,3
4029,2
4030,2
4031,1
4032,2
4033,1
4034,2
4035,2
4036,3
4037,3
4038,3
4039,3
4040,1
4041,3
4042,3
4043,3
4044,3
4045,3
4046,2
4047,3
4048,3
4049,2
4050,2
4051,2
4052,1
4053,3
4054,3
4055,1
4056,2
4057,2
4058,3
4059,2
4060,3
4061,3
4062,3
4063,2
4064,2
4065,3
4066,2
4067,3
4068,3
4069,2
4070,3
4071,3
4072,3
4073,2
4074,3
4075,2
4076,2
4077,1
4078,2
4079,2
4080,2
4081,2
4082,3
4083,3
4084,3
4085,2
4086,2
4087,2
4088,3
4089,3
4090,3
4091,2
4092,1
4093,3
4094,1
4095,2
4096,1
4097,1
4098,3
4099,3
4100,1
4101,2
4102,2
4103,2
4104,2
4105,2
4106,2
4107,3
4108,2
4109,3
4110,2
4111,3
4112,2
4113,3
4114,2
4115,2
4116,2
4117,2
4118,3
4119,3
4120,3
4121,3
4122,1
4123,1
4124,3
4125,3
4126,2
4127,3
4128,2
4129,1
4130,2
4131,2
4132,3
4133,3
4134,3
4135,3
4136,3
4137,3
4138,3
4139,3
4140,1
4141,3
4142,1
4143,2
4144,3
4145,2
4146,3
4147,2
4148,2
4149,1
4150,3
4151,2
4152,2
4153,2
4154,1
4155,2
4156,2
4157,3
4158,3
4159,2
4160,2
4161,3
4162,3
4163,3
4164,3
4165,3
4166,3
4167,1
4168,3
4169,2
4170,3
4171,3
4172,2
4173,2
4174,1
4175,3
4176,3
4177,2
4178,1
4179,2
4180,1
4181,2
4182,3
4183,3
4184,2
4185,3
4186,2
4187,2
4188,2
4189,3
4190,2
4191,3
4192,3
4193,3
4194,2
4195,3
4196,3
4197,3
4198,3
4199,2
4200,3
4201,3
4202,3
4203,3
4204,2
4205,3
4206,2
4207,1
4208,2
4209,3
4210,3
4211,2
4212,2
4213,3
4214,3
4215,2
4216,3
4217,3
4218,2
4219,2
4220,3
4221,2
4222,2
4223,3
4224,1
4225,3
4226,2
4227,1
4228,2
4229,2
4230,2
4231,3
4232,2
4233,3
4234,2
4235,3
4236,2
4237,2
4238,3
4239,2
4240,3
4241,2
4242,3
4243,2
4244,3
4245,3
4246,2
4247,2
4248,2
4249,3
4250,2
4251,2
4252,3
4253,1
4254,2
4255,3
4256,2
4257,3
4258,3
4259,2
4260,3
4261,2
4262,3
4263,3
4264,3
4265,2
4266,3
4267,3
4268,1
4269,3
4270,2
4271,2
4272,3
4273,3
4274,2
